aes128_table_ecb_bench.text_val
 0 0
 255000 1
 265000 0
aes128_table_ecb_bench.text_out[127:0]
 0 0
 155000 101011011111101110001110111110101000001111010011100010001010111001101011000110100011010010101011101001111110000100100000001000
 165000 11101110101110010101101010011101011010001001111100110101001010110110101101011011111010100100001101100101110110011000010010011101
 175000 1101100010111001000101101010101110100001111010011001010101101011011100001000101001011000100110011111000000111111010001011100
 185000 1010010111100110011000011111111010110010101101001011001101100101110101001010101011111010010011111001110010101010101101111001011
 195000 11010110001001101101111100111110000101010010011100100100110100001000111100101110000011110011111111000110000100001110100111000011
 205000 110100000100000110001000011111001100010010100000000100001111001000011111000111101101101001110100100011100101111010010101010000
 215000 11100011110011110011010001110000100111001000101101000111101000011011111101011011100001001011101101111111110100110001000010011
 225000 11011001010111111100111110011011001101100001011100111001000001011110110101010000001001011100000100001001001111101100101101010100
 235000 10010100011111011010100011110001010000010001101111101110101110011011011111101111101000000111000101011101010001110100101100000001
 245000 10011110010101111011010000100010011011001011001100000101100010100000111000101000010001010110111101011110001011100001110100110000
 255000 11011011011110011001011110101100100110011101101010000001000110100100101000001110100000011011011011101110001110000110011100001110
aes128_table_ecb_bench.r10_key[127:0]
 0 0
 145000 11010000000101001111100110101000110010011110111000100101100010011110000100111111000011001100100010110110011000110000110010100110
aes128_table_ecb_bench.key_val
 0 0
 145000 1
aes128_table_ecb_bench.busy
 0 0
 245000 1
 255000 0
aes128_table_ecb_bench.clock
 0 0
 5000 1
 10000 0
 15000 1
 20000 0
 25000 1
 30000 0
 35000 1
 40000 0
 45000 1
 50000 0
 55000 1
 60000 0
 65000 1
 70000 0
 75000 1
 80000 0
 85000 1
 90000 0
 95000 1
 100000 0
 105000 1
 110000 0
 115000 1
 120000 0
 125000 1
 130000 0
 135000 1
 140000 0
 145000 1
 150000 0
 155000 1
 160000 0
 165000 1
 170000 0
 175000 1
 180000 0
 185000 1
 190000 0
 195000 1
 200000 0
 205000 1
 210000 0
 215000 1
 220000 0
 225000 1
 230000 0
 235000 1
 240000 0
 245000 1
 250000 0
 255000 1
 260000 0
 265000 1
aes128_table_ecb_bench.enc_dec
 0 0
aes128_table_ecb_bench.key_exp
 0 0
 40000 1
 60000 0
aes128_table_ecb_bench.key_in[127:0]
 0 101011011111100001010100010110001010001010111011010010101001101010101111110111000101011000100000001001110011110100111100111100
aes128_table_ecb_bench.resetn
 0 0
 20000 1
aes128_table_ecb_bench.start
 0 0
 80000 1
 100000 0
aes128_table_ecb_bench.text_in[127:0]
 0 1111011010101000100010000101101000110000100011010011000100110001100110001010001011100000001101110000011100110100
aes128_table_ecb_bench.dut.add_iroundkey0[127:0]
 0 1111011010101000100010000101101000110000100011010011000100110001100110001010001011100000001101110000011100110100
 85000 1000011011000111001010111001011100010000101101000110000100011010011000100110001100110001010001011100000001101110000011100110100
 95000 110000000000001111011010101000110010110011100101010011111011100011000100110001100110001010001011100000001101110000011100110100
 105000 1011011011000111001010111001011111110110011100101010011111011100111001001010010111110111100000111100000001101110000011100110100
 115000 10100100100110000110111011010001101000000101101000110000100011010000000100110001100110001010001010100011010101000110010001010111
 125000 1011101011000111001010101011110000001001100001010101000111101000010100100110001100110001010001010010011010101000110010001010111
 135000 10100111100110000110111000100001010110011010000111001011000000101010010110101001000000001101101110001011010101000110010001010111
 145000 11010000000101000000111100000000010000011011010000010101000001001101000000001110100101000110101001010110010101000000101110010010
 155000 10101100011101111001000001011011100100011010000011101100101011000001100111100000101100011110001110110111011010110000011101011010
 165000 11101010110100101000010110001001001111011101011110001010010111110000000000011010011011011100001010011111101110100010111000011011
 175000 1001110010101000000000110100110110101110000010111111001011111101011010110010111110101110001000010101110100100011101101101111011
 185000 1101101100010000101010111010010100110010101000100001110011100001110101011001000000111101110001100101010001101111001010011001001
 195000 11010100110100010011000001010000111101001101100110101101000010101111101111000011001000000001111011110001110011100001001010001000
 205000 11101111010001000101001111101001001000000000100001101011111100101000011101000000101111011001100100111011001111001010101000110100
 215000 111101100000001011000111010101110011110100110011001110101100110010111100010010111001101110011010001101010011011000111100001111
 225000 11110010110000100110001101011010111100101100110010001001110011100110100000000100000110001101100010010011011011101111000101001011
 235000 10100000111110100000100010111111000000000000111000011100001111000001001010010010101000011001101111001010010110110111000100110001
 245000 101011011111101110001110111110101000001111010011100010001010111001101011000110100011010010101011101001111110000100100000001000
 255000 11010000000101000000111100000000010000011011010000010101000001001101000000001110100101000110101001010110010101000000101110010010
aes128_table_ecb_bench.dut.add_roundkey0[127:0]
 0 1111011010101000100010000101101000110000100011010011000100110001100110001010001011100000001101110000011100110100
 25000 101011011111101110001110111110101000001111010011100010001010111001101011000110100011010010101011101001111110000100100000001000
 45000 10100000111110100000100010111111000000000000111000011100001111000001001010010010101000011001101111001010010110110111000100110001
 55000 11110010110000100110001101011010111100101100110010001001110011100110100000000100000110001101100010010011011011101111000101001011
 65000 111101100000001011000111010101110011110100110011001110101100110010111100010010111001101110011010001101010011011000111100001111
 75000 11101111010001000101001111101001001000000000100001101011111100101000011101000000101111011001100100111011001111001010101000110100
 85000 11010100110100010011000001010000111101001101100110101101000010101111101111000011001000000001111011110001110011100001001010001000
 95000 1101101100010000101010111010010100110010101000100001110011100001110101011001000000111101110001100101010001101111001010011001001
 105000 1001110010101000000000110100110110101110000010111111001011111101011010110010111110101110001000010101110100100011101101101111011
 115000 11101010110100101000010110001001001111011101011110001010010111110000000000011010011011011100001010011111101110100010111000011011
 125000 10101100011101111001000001011011100100011010000011101100101011000001100111100000101100011110001110110111011010110000011101011010
 135000 11010000000101000000111100000000010000011011010000010101000001001101000000001110100101000110101001010110010101000000101110010010
 145000 101011011111101110001110111110101000001111010011100010001010111001101011000110100011010010101011101001111110000100100000001000
 155000 10100000111110100000100010111111000000000000111000011100001111000001001010010010101000011001101111001010010110110111000100110001
 165000 11110010110000100110001101011010111100101100110010001001110011100110100000000100000110001101100010010011011011101111000101001011
 175000 111101100000001011000111010101110011110100110011001110101100110010111100010010111001101110011010001101010011011000111100001111
 185000 11101111010001000101001111101001001000000000100001101011111100101000011101000000101111011001100100111011001111001010101000110100
 195000 11010100110100010011000001010000111101001101100110101101000010101111101111000011001000000001111011110001110011100001001010001000
 205000 1101101100010000101010111010010100110010101000100001110011100001110101011001000000111101110001100101010001101111001010011001001
 215000 1001110010101000000000110100110110101110000010111111001011111101011010110010111110101110001000010101110100100011101101101111011
 225000 11101010110100101000010110001001001111011101011110001010010111110000000000011010011011011100001010011111101110100010111000011011
 235000 10101100011101111001000001011011100100011010000011101100101011000001100111100000101100011110001110110111011010110000011101011010
 245000 11010000000101000000111100000000010000011011010000010101000001001101000000001110100101000110101001010110010101000000101110010010
 255000 101011011111101110001110111110101000001111010011100010001010111001101011000110100011010010101011101001111110000100100000001000
aes128_table_ecb_bench.dut.clock
 0 0
 5000 1
 10000 0
 15000 1
 20000 0
 25000 1
 30000 0
 35000 1
 40000 0
 45000 1
 50000 0
 55000 1
 60000 0
 65000 1
 70000 0
 75000 1
 80000 0
 85000 1
 90000 0
 95000 1
 100000 0
 105000 1
 110000 0
 115000 1
 120000 0
 125000 1
 130000 0
 135000 1
 140000 0
 145000 1
 150000 0
 155000 1
 160000 0
 165000 1
 170000 0
 175000 1
 180000 0
 185000 1
 190000 0
 195000 1
 200000 0
 205000 1
 210000 0
 215000 1
 220000 0
 225000 1
 230000 0
 235000 1
 240000 0
 245000 1
 250000 0
 255000 1
 260000 0
 265000 1
aes128_table_ecb_bench.dut.enc_dec
 0 0
aes128_table_ecb_bench.dut.itemp[31:0]
 0 0
 105000 1000011011000110110001101100011
 115000 1110011011000110110001101100011
 125000 1101011011000110110001101100011
 135000 11111111111110111111101100011010
 145000 1010111010111000000000001101110
 155000 1111111100011010010100100101111
 165000 1001110101001101101110001001111
 175000 11001010000000001001001111111101
 185000 10001111110010001010110111100
 195000 11011011000010111010110100000000
 205000 1101101011110101000100000111011
 215000 1110011010110011111011001111111
 225000 101010011011000111011000000101
 235000 1001110011110100111100111100
 245000 10100010001110000101101010110100
 255000 1010111010111000000000001101110
aes128_table_ecb_bench.dut.key_exp
 0 0
 40000 1
 60000 0
aes128_table_ecb_bench.dut.key_in[127:0]
 0 101011011111100001010100010110001010001010111011010010101001101010101111110111000101011000100000001001110011110100111100111100
aes128_table_ecb_bench.dut.r10_key[127:0]
 0 0
 145000 11010000000101001111100110101000110010011110111000100101100010011110000100111111000011001100100010110110011000110000110010100110
aes128_table_ecb_bench.dut.resetn
 0 0
 20000 1
aes128_table_ecb_bench.dut.start
 0 0
 80000 1
 100000 0
aes128_table_ecb_bench.dut.text_in[127:0]
 0 1111011010101000100010000101101000110000100011010011000100110001100110001010001011100000001101110000011100110100
aes128_table_ecb_bench.dut.text_out[127:0]
 0 0
 155000 101011011111101110001110111110101000001111010011100010001010111001101011000110100011010010101011101001111110000100100000001000
 165000 11101110101110010101101010011101011010001001111100110101001010110110101101011011111010100100001101100101110110011000010010011101
 175000 1101100010111001000101101010101110100001111010011001010101101011011100001000101001011000100110011111000000111111010001011100
 185000 1010010111100110011000011111111010110010101101001011001101100101110101001010101011111010010011111001110010101010101101111001011
 195000 11010110001001101101111100111110000101010010011100100100110100001000111100101110000011110011111111000110000100001110100111000011
 205000 110100000100000110001000011111001100010010100000000100001111001000011111000111101101101001110100100011100101111010010101010000
 215000 11100011110011110011010001110000100111001000101101000111101000011011111101011011100001001011101101111111110100110001000010011
 225000 11011001010111111100111110011011001101100001011100111001000001011110110101010000001001011100000100001001001111101100101101010100
 235000 10010100011111011010100011110001010000010001101111101110101110011011011111101111101000000111000101011101010001110100101100000001
 245000 10011110010101111011010000100010011011001011001100000101100010100000111000101000010001010110111101011110001011100001110100110000
 255000 11011011011110011001011110101100100110011101101010000001000110100100101000001110100000011011011011101110001110000110011100001110
aes128_table_ecb_bench.dut.temp[31:0]
 0 1100011011000110110001101100011
 25000 10001010100001001110101100000001
 45000 1010000001110000110101111100101
 55000 11001011010000101101001010001111
 65000 11011010110001001110001000111100
 75000 101011100101010110001110111001
 85000 10011001010110010110010110000010
 95000 1100011110111000101010001110100
 105000 100100100001101000010000101111
 115000 1011101101001010001010111010010
 125000 1001010011000111001111101011011
 135000 11111011111111100010010001001110
 145000 10001010100001001110101100000001
 155000 1010000001110000110101111100101
 165000 11001011010000101101001010001111
 175000 11011010110001001110001000111100
 185000 101011100101010110001110111001
 195000 10011001010110010110010110000010
 205000 1100011110111000101010001110100
 215000 100100100001101000010000101111
 225000 1011101101001010001010111010010
 235000 1001010011000111001111101011011
 245000 11111011111111100010010001001110
 255000 10001010100001001110101100000001
aes128_table_ecb_bench.dut.sword[31:0]
 0 1100011011000110110001101100011
 105000 11010111110111111101111111011
 115000 10001111111110111111101111111011
 125000 1111111111110111111101111111011
 135000 10110000011110000111110100010
 145000 1011011010010100110001110011111
 155000 11010010010111011010010100010101
 165000 101111001001001000011010000100
 175000 1110100011000111101110001010100
 185000 10000010100110010101100101100101
 195000 10111001001010111001010101100011
 205000 111100110110101100010011100010
 215000 10001111110010110100001011010010
 225000 11100101010100000011100001101011
 235000 1100010101000010011101011
 245000 111010000001111011111010001101
 255000 1011011010010100110001110011111
aes128_table_ecb_bench.dut.rotword[31:0]
 0 0
 25000 11001111010011110011110000001001
 45000 1101100011101100000010100101010
 55000 1011001111101100111111101110011
 65000 1111010100010000011101101101101
 75000 1011101011010000000011011011
 85000 11111001000101011011110000010001
 95000 100100111111110111001010
 105000 10100110110111000100111101001110
 115000 10001101001010010010111101111111
 125000 1011100000000000110111001010111
 135000 1100011000011001010011010110110
 145000 11001111010011110011110000001001
 155000 1101100011101100000010100101010
 165000 1011001111101100111111101110011
 175000 1111010100010000011101101101101
 185000 1011101011010000000011011011
 195000 11111001000101011011110000010001
 205000 100100111111110111001010
 215000 10100110110111000100111101001110
 225000 10001101001010010010111101111111
 235000 1011100000000000110111001010111
 245000 1100011000011001010011010110110
 255000 11001111010011110011110000001001
aes128_table_ecb_bench.dut.rcon[7:0]
 0 1
 45000 10
 55000 100
 65000 1000
 75000 10000
 85000 100000
 95000 1000000
 105000 10000000
 115000 11011
 125000 110110
 135000 0
 145000 1
 155000 10
 165000 100
 175000 1000
 185000 10000
 195000 100000
 205000 1000000
 215000 10000000
 225000 11011
 235000 110110
 245000 0
 255000 1
aes128_table_ecb_bench.dut.next_key[127:0]
 0 1100010011000110110001101100011011000100110001101100011011000110110001001100011011000110110001101100010011000110110001101100011
 25000 10100000111110101111111000010111100010000101010000101100101100010010001110100011001110010011100100101010011011000111011000000101
 45000 11110010110000101001010111110010011110101001011010111001010000110101100100110101100000000111101001110011010110011111011001111111
 55000 111101100000000100011101111101010001110001011011111110001111100001111000100011011111100100010001101101011110101000100000111011
 65000 11101111010001001010010101000001101010000101001001011011011111111011011001110001001001010011101111011011000010111010110100000000
 75000 11010100110100011100011011111000011111001000001110011101100001111100101011110010101110001011110000010001111110010001010110111100
 85000 1101101100010001010001101111010000100010000101100111110111111011101101111111001100001100100000111001010000000001001001111111101
 95000 1001110010101001111011100001110010111110101111111001001111100111000010010100110010011111011001001001110101001101101110001001111
 105000 11101010110100100111001100100001101101011000110110111010110100100011000100101011111101010110000001111111100011010010100100101111
 115000 10101100011101110110011011110011000110011111101011011100001000010010100011010001001010010100000101010111010111000000000001101110
 125000 11010000000101001111100110101000110010011110111000100101100010011110000100111111000011001100100010110110011000110000110010100110
 135000 101011111010101101110111100110111000100000010011111000011011110000001100111011111101001010011110110101010110001111100000000001
 145000 10100000111110101111111000010111100010000101010000101100101100010010001110100011001110010011100100101010011011000111011000000101
 155000 11110010110000101001010111110010011110101001011010111001010000110101100100110101100000000111101001110011010110011111011001111111
 165000 111101100000000100011101111101010001110001011011111110001111100001111000100011011111100100010001101101011110101000100000111011
 175000 11101111010001001010010101000001101010000101001001011011011111111011011001110001001001010011101111011011000010111010110100000000
 185000 11010100110100011100011011111000011111001000001110011101100001111100101011110010101110001011110000010001111110010001010110111100
 195000 1101101100010001010001101111010000100010000101100111110111111011101101111111001100001100100000111001010000000001001001111111101
 205000 1001110010101001111011100001110010111110101111111001001111100111000010010100110010011111011001001001110101001101101110001001111
 215000 11101010110100100111001100100001101101011000110110111010110100100011000100101011111101010110000001111111100011010010100100101111
 225000 10101100011101110110011011110011000110011111101011011100001000010010100011010001001010010100000101010111010111000000000001101110
 235000 11010000000101001111100110101000110010011110111000100101100010011110000100111111000011001100100010110110011000110000110010100110
 245000 101011111010101101110111100110111000100000010011111000011011110000001100111011111101001010011110110101010110001111100000000001
 255000 10100000111110101111111000010111100010000101010000101100101100010010001110100011001110010011100100101010011011000111011000000101
aes128_table_ecb_bench.dut.next_ikey[127:0]
 0 1010101011000110110001101100011000000000000000000000000000000000000000000000000000000000000000000000000000000000000000000000000
 45000 1111000011000110110001101100011000000000000000000000000000000000000000000000000000000000000000000000000000000000000000000000000
 55000 11100011011000110110001101100011000000000000000000000000000000000000000000000000000000000000000000000000000000000000000000000000
 65000 100011011000110110001101100011000000000000000000000000000000000000000000000000000000000000000000000000000000000000000000000000
 75000 1000011011000110110001101100011000000000000000000000000000000000000000000000000000000000000000000000000000000000000000000000000
 85000 110000000000000000000000000000010000110110001101100011011000110000000000000000000000000000000000000000000000000000000000000000
 95000 1011011011000110110001101100011011100110110001101100011011000110100001101100011011000110110001100000000000000000000000000000000
 105000 10100100100110001001100001111001001010000000000000000000000000000011000000000000000000000000000001000011011000110110001101100011
 115000 1011101011000110110001111110110100011001001100010011000011110010001100000000000000000000000000001110011011000110110001101100011
 125000 10100111100110001001100010001001110100011111101111111011100011111001010010011000100110000111100101101011011000110110001101100011
 135000 10101000100101110011101010011111011101100110001101100011000001100100010101100011011000111111011011111111111110111111101100011010
 145000 10101100011101110110011011110011000110011111101011011100001000010010100011010001001010010100000101010111010111000000000001101110
 155000 11101010110100100111001100100001101101011000110110111010110100100011000100101011111101010110000001111111100011010010100100101111
 165000 1001110010101001111011100001110010111110101111111001001111100111000010010100110010011111011001001001110101001101101110001001111
 175000 1101101100010001010001101111010000100010000101100111110111111011101101111111001100001100100000111001010000000001001001111111101
 185000 11010100110100011100011011111000011111001000001110011101100001111100101011110010101110001011110000010001111110010001010110111100
 195000 11101111010001001010010101000001101010000101001001011011011111111011011001110001001001010011101111011011000010111010110100000000
 205000 111101100000000100011101111101010001110001011011111110001111100001111000100011011111100100010001101101011110101000100000111011
 215000 11110010110000101001010111110010011110101001011010111001010000110101100100110101100000000111101001110011010110011111011001111111
 225000 10100000111110101111111000010111100010000101010000101100101100010010001110100011001110010011100100101010011011000111011000000101
 235000 101011011111100001010100010110001010001010111011010010101001101010101111110111000101011000100000001001110011110100111100111100
 245000 101100110000001001100000101100000000111101000011000111101100001000001101011001110001110010111010100010001110000101101010110100
 255000 10101100011101110110011011110011000110011111101011011100001000010010100011010001001010010100000101010111010111000000000001101110
aes128_table_ecb_bench.dut.irotword[31:0]
 0 1100011011000110110001101100011
 105000 11111011111110111111101100011010
 115000 11111011111110111111101110001111
 125000 11111011111110111111101101111111
 135000 1111000011111010001000010110
 145000 1001010011000111001111101011011
 155000 1011101101001010001010111010010
 165000 100100100001101000010000101111
 175000 1100011110111000101010001110100
 185000 10011001010110010110010110000010
 195000 101011100101010110001110111001
 205000 11011010110001001110001000111100
 215000 11001011010000101101001010001111
 225000 1010000001110000110101111100101
 235000 10001010100001001110101100000001
 245000 111101111101000110100111010
 255000 1001010011000111001111101011011
aes128_table_ecb_bench.dut.ircon[7:0]
 0 110110
 45000 11011
 55000 10000000
 65000 1000000
 75000 100000
 85000 10000
 95000 1000
 105000 100
 115000 10
 125000 1
 135000 0
 145000 110110
 155000 11011
 165000 10000000
 175000 1000000
 185000 100000
 195000 10000
 205000 1000
 215000 100
 225000 10
 235000 1
 245000 0
 255000 110110
aes128_table_ecb_bench.dut.cipher_text[127:0]
 0 1100011011000110110001101100011011000110110001101100011011000110110001101100011011000110110001101100011011000110110001101100011
 25000 1001000000111010111011001110101010010111100110110110001110001011100100010010100011101101110101101101010101011000010110001011111
 45000 11000011100110011001110101110100111010110011011101001111110100100100000011000000010110100101101001001001000011110001010101100110
 55000 10010001101000011111011010010001000110011111010111011010001000000011101001010110111000110001100100010000001110101001010100011100
 65000 1011110111000110010010000011110001001000111010110011101010111010111110101000000000111010010011100001110000110011110101101011000
 75000 10001100001001111100011000100010110010110011000100111000000111001101010100010010010001100101100010111000011010001100111001100011
 85000 10110111101100101010010110011011000111111110000011111110111001001010100110010001110110111101111101110010100110100111011011011111
 95000 1110111010111100000000011001011100100110100001011101100111101011100010011010111001010010001010101001011000111111000010011110
 105000 101101001101111001010001101101001111000011110010101010100100001110011111000101001011001101000100101101110001011011111100101100
 115000 10001001101100010001000001000010110101101110111011011001101100010101001001001000100101100000001100011100111011100100101001001100
 125000 11001111000101000000010110010000011110101001100110111111010000100100101110110010010010100010001000110100001111110110001100001101
 135000 10110011011101111001101011001011101010101000110101000110111010101000001001011100011011111010101111010101000000000110111111000101
 145000 1001000000111010111011001110101010010111100110110110001110001011100100010010100011101101110101101101010101011000010110001011111
 155000 1010001010001011010001100100111011010001110000001111110000111111001101111100010001010001100100000110100100111111110111011100000
 165000 11011010000110010001001010101100001111111010111111100110000111010010011000000000001111101000101100111110000011110110000001100101
 175000 11101010111100100100000100110111101100110010011001000001001111001011011101011000111111111111010110110110010001110110011010011100
 185000 11101111111110100101101001011110011000111010111001100010011010010011000110001101001000010000110001010000000001100110011011001100
 195000 100010000111011011000011010110001001011011001010000011001101011011100100111000001001101100110010100101000011100010001111001001
 205000 1110101101111001110110100101001110101101100110100111000001111011100110001110001001011001010101011101100110010100110000110100011
 215000 11010010110101011010011001110011001000101011011001100011111010100001111010001011110000010000110111100110000100001001100111000111
 225000 11011111001000100100110000000001101100001101111010100101110001100110010010011001011111110000101101111110010000100011101101010111
 235000 10001110110110001000011010001111100110100010010101101111100000001000000101110001111010110001011100011011101000110010100011001101
 245000 11011011011110011001011110101100100110011101101010000001000110100100101000001110100000011011011011101110001110000110011100001110
 255000 10010010001010010001100110111101110001100000010101010111001101110111110111110000100111010010101000100001011110010100001101110010
aes128_table_ecb_bench.dut.add_roundkey[127:0]
 0 1100011011000110110001101100011011000110110001101100011011000110110001101100011011000110110001101100011011000110110001101100011
 25000 1001000000111010111011001110101010010111100110110110001110001011100100010010100011101101110101101101010101011000010110001011111
 45000 11000011100110011001110101110100111010110011011101001111110100100100000011000000010110100101101001001001000011110001010101100110
 55000 10010001101000011111011010010001000110011111010111011010001000000011101001010110111000110001100100010000001110101001010100011100
 65000 1011110111000110010010000011110001001000111010110011101010111010111110101000000000111010010011100001110000110011110101101011000
 75000 10001100001001111100011000100010110010110011000100111000000111001101010100010010010001100101100010111000011010001100111001100011
 85000 10110111101100101010010110011011000111111110000011111110111001001010100110010001110110111101111101110010100110100111011011011111
 95000 1110111010111100000000011001011100100110100001011101100111101011100010011010111001010010001010101001011000111111000010011110
 105000 101101001101111001010001101101001111000011110010101010100100001110011111000101001011001101000100101101110001011011111100101100
 115000 10001001101100010001000001000010110101101110111011011001101100010101001001001000100101100000001100011100111011100100101001001100
 125000 11001111000101000000010110010000011110101001100110111111010000100100101110110010010010100010001000110100001111110110001100001101
 135000 10110011011101111001101011001011101010101000110101000110111010101000001001011100011011111010101111010101000000000110111111000101
 145000 1001000000111010111011001110101010010111100110110110001110001011100100010010100011101101110101101101010101011000010110001011111
 155000 11101110101110010101101010011101011010001001111100110101001010110110101101011011111010100100001101100101110110011000010010011101
 165000 1101100010111001000101101010101110100001111010011001010101101011011100001000101001011000100110011111000000111111010001011100
 175000 1010010111100110011000011111111010110010101101001011001101100101110101001010101011111010010011111001110010101010101101111001011
 185000 11010110001001101101111100111110000101010010011100100100110100001000111100101110000011110011111111000110000100001110100111000011
 195000 110100000100000110001000011111001100010010100000000100001111001000011111000111101101101001110100100011100101111010010101010000
 205000 11100011110011110011010001110000100111001000101101000111101000011011111101011011100001001011101101111111110100110001000010011
 215000 11011001010111111100111110011011001101100001011100111001000001011110110101010000001001011100000100001001001111101100101101010100
 225000 10010100011111011010100011110001010000010001101111101110101110011011011111101111101000000111000101011101010001110100101100000001
 235000 10011110010101111011010000100010011011001011001100000101100010100000111000101000010001010110111101011110001011100001110100110000
 245000 11011011100110100111110111110000000101011001010111100110101000000110000000100000101010110111000101000100110000011101000110101
 255000 11100110101100000010111010000000111010000100000101110100110000011111100001110001100100011100111011010110010100001101101100010
aes128_table_ecb_bench.dut.add_iroundkey[127:0]
 0 1010010010100100101001001010010010100100101001001010010010100100101001001010010010100100101001001010010010100100101001001010010
 85000 10001001100010011000100110001010100100101001001010010010100100101001001010010010100100101001001010010010100100101001001010010
 95000 1100010010100100101001001010010000100010011000100110001001100010101001001010010010100100101001001010010010100100101001001010010
 105000 1001001100010011000100110001001000010011000100110001001100010001000100110001001100010011000101010010010100100101001001010010
 115000 11110110110010101100101000101011011110100101001001010010010100100110001001010010010100100101001000010001001100010011000100110001
 125000 1111001100010011000110100100110111101100101011001010001010110100101001010010010100100101001000100001001100010011000100110001
 135000 11110101110010101100101011011011100000111010100110101001110111011100011011001010110010100010101100111001001100010011000100110001
 145000 10000010010001101010101111111010100110111011110001110111110110111011001101101101010111101001101011100100001100010101111011110100
 155000 11111110001001010011010010100001010010111010100010001110011100110111101010000011011110110001001100000101000011100101001000111100
 165000 10111000100000000010000101110011111001111101111111101000100000000110001101111001101001110011001000101101110111110111101101111101
 175000 11100000001101010010101011100000011010000110110011011101000011101011011110100000111011110000000011100111101001000111000011101
 185000 111111110110101111000100101000010000110101100101101100101011111000100110101011110101000001001110011000010100101100000110101111
 195000 10000110100000111001010010101010001011101101000111001111110101011001100010100000111010101110111001000011101010110100011111101110
 205000 10111101000101101111011100010011111110100000000000001001001011011110010000100011011101110110100110001001010110011111111101010010
 215000 1101111110100100001010100101111000101010100010010101100011011000100110001110001001011000001011000111111001010001101101001101001
 225000 10100000100100001100011110100000001010001100010011101011000100010000101101100111110100100010100000100001000010111010010000101101
 235000 11110010101010001010110001000101110110100000011001111110111000110111000111110001011010110110101101111000001111100010010001010111
 245000 1111001001011000100011101000100011110101111110010000000111101001111100110100101010001111101101001011011100111010001110101101110
 255000 10000010010001101010101111111010100110111011110001110111110110111011001101101101010111101001101011100100001100010101111011110100
aes128_table_ecb_bench.dut.busy
 0 0
 245000 1
 255000 0
aes128_table_ecb_bench.dut.key_val
 0 0
 145000 1
aes128_table_ecb_bench.dut.next_state[2:0]
 0 0
 40000 1
 135000 0
 145000 10
 245000 0
aes128_table_ecb_bench.dut.now_state[2:0]
 0 0
 45000 1
 145000 0
 155000 10
 255000 0
aes128_table_ecb_bench.dut.round10_key[127:0]
 0 0
 145000 11010000000101001111100110101000110010011110111000100101100010011110000100111111000011001100100010110110011000110000110010100110
aes128_table_ecb_bench.dut.round_n[3:0]
 0 0
 45000 1
 55000 10
 65000 11
 75000 100
 85000 101
 95000 110
 105000 111
 115000 1000
 125000 1001
 135000 1010
 145000 0
 155000 1
 165000 10
 175000 11
 185000 100
 195000 101
 205000 110
 215000 111
 225000 1000
 235000 1001
 245000 1010
 255000 0
aes128_table_ecb_bench.dut.start_flag
 0 0
 85000 1
 165000 0
aes128_table_ecb_bench.dut.text_val
 0 0
 255000 1
 265000 0
aes128_table_ecb_bench.dut.InvMixColumn0.m0c[7:0]
 0 1010010
 85000 11101010
 95000 1101001
 105000 1111010
 115000 10001
 125000 1111
 135000 110010
 145000 11100100
 155000 1011110
 165000 10001101
 175000 1000000
 185000 111100
 195000 111100
 205000 11000010
 215000 101110
 225000 10011110
 235000 1111001
 245000 11111011
 255000 11100100
aes128_table_ecb_bench.dut.InvMixColumn0.m1c[7:0]
 0 1010010
 85000 1010
 95000 11111001
 105000 11010010
 115000 1100
 125000 11010111
 135000 11001011
 145000 10000
 155000 101001
 165000 101111
 175000 10010010
 185000 10101110
 195000 11110001
 205000 11011010
 215000 1001101
 225000 100111
 235000 1100101
 245000 10010001
 255000 10000
aes128_table_ecb_bench.dut.InvMixColumn0.m2c[7:0]
 0 1010010
 85000 10001010
 95000 111001
 105000 110010
 115000 10001100
 125000 1111100
 135000 1010001
 145000 11111100
 155000 1000
 165000 11000000
 175000 100100
 185000 10001010
 195000 1011000
 205000 10110
 215000 1000001
 225000 1010111
 235000 1011010
 245000 1101001
 255000 11111100
aes128_table_ecb_bench.dut.InvMixColumn0.m3c[7:0]
 0 1010010
 85000 1001010
 95000 10011001
 105000 10100010
 115000 1001100
 125000 1111
 135000 10000110
 145000 10011101
 155000 110001
 165000 1000
 175000 10101
 185000 100100
 195000 10101110
 205000 1000001
 215000 10100101
 225000 10111001
 235000 11110101
 245000 1010101
 255000 10011101
aes128_table_ecb_bench.dut.InvMixColumn0.s0c[7:0]
 0 1010010
 85000 10001
 95000 1100010
 105000 1001
 115000 11110110
 125000 1111
 135000 11110101
 145000 10000010
 155000 11111110
 165000 10111000
 175000 11100
 185000 111111
 195000 10000110
 205000 10111101
 215000 1101111
 225000 10100000
 235000 11110010
 245000 1111001
 255000 10000010
aes128_table_ecb_bench.dut.InvMixColumn0.s1c[7:0]
 0 1010010
 85000 110001
 95000 1010010
 105000 110001
 115000 11001010
 125000 110001
 135000 11001010
 145000 1000110
 155000 100101
 165000 10000000
 175000 110
 185000 11011010
 195000 10000011
 205000 10110
 215000 11010010
 225000 10010000
 235000 10101000
 245000 101100
 255000 1000110
aes128_table_ecb_bench.dut.InvMixColumn0.s2c[7:0]
 0 1010010
 85000 110001
 95000 1010010
 105000 110001
 115000 11001010
 125000 110001
 135000 11001010
 145000 10101011
 155000 110100
 165000 100001
 175000 10100101
 185000 11110001
 195000 10010100
 205000 11110111
 215000 10101
 225000 11000111
 235000 10101100
 245000 1000111
 255000 10101011
aes128_table_ecb_bench.dut.InvMixColumn0.s3c[7:0]
 0 1010010
 85000 110001
 95000 1010010
 105000 110001
 115000 101011
 125000 10100100
 135000 11011011
 145000 11111010
 155000 10100001
 165000 1110011
 175000 1011100
 185000 101000
 195000 10101010
 205000 10011
 215000 101111
 225000 10100000
 235000 1000101
 245000 1000100
 255000 11111010
aes128_table_ecb_bench.dut.InvMixColumn0.mul4x8.c0[7:0]
 0 11011
 85000 0
 95000 0
 105000 0
 115000 11011
 125000 0
 135000 11011
 145000 11011
 155000 11011
 165000 0
 175000 0
 185000 11011
 195000 11011
 205000 0
 215000 0
 225000 0
 235000 11011
 245000 0
 255000 11011
aes128_table_ecb_bench.dut.InvMixColumn0.mul4x8.c1[7:0]
 0 110110
 85000 0
 95000 110110
 105000 0
 115000 0
 125000 0
 135000 0
 145000 110110
 155000 0
 165000 110110
 175000 0
 185000 0
 195000 110110
 205000 110110
 215000 110110
 225000 110110
 235000 0
 245000 110110
 255000 110110
aes128_table_ecb_bench.dut.InvMixColumn0.mul4x8.c2[7:0]
 0 0
 115000 1101100
 125000 0
 135000 1101100
 145000 1101100
 155000 1101100
 165000 1101100
 175000 0
 185000 0
 195000 1101100
 205000 1101100
 215000 0
 225000 1101100
 235000 1101100
 245000 0
 255000 1101100
aes128_table_ecb_bench.dut.InvMixColumn0.mul4x8.mx[3:0]
 0 1110
 85000 1110
 95000 1110
 105000 1110
 115000 1110
 125000 1110
 135000 1110
 145000 1110
 155000 1110
 165000 1110
 175000 1110
 185000 1110
 195000 1110
 205000 1110
 215000 1110
 225000 1110
 235000 1110
 245000 1110
 255000 1110
aes128_table_ecb_bench.dut.InvMixColumn0.mul4x8.sc[7:0]
 0 1010010
 85000 10001
 95000 1100010
 105000 1001
 115000 11110110
 125000 1111
 135000 11110101
 145000 10000010
 155000 11111110
 165000 10111000
 175000 11100
 185000 111111
 195000 10000110
 205000 10111101
 215000 1101111
 225000 10100000
 235000 11110010
 245000 1111001
 255000 10000010
aes128_table_ecb_bench.dut.InvMixColumn0.mul4x8.sxm0[7:0]
 0 0
 85000 0
 95000 0
 105000 0
 115000 0
 125000 0
 135000 0
 145000 0
 155000 0
 165000 0
 175000 0
 185000 0
 195000 0
 205000 0
 215000 0
 225000 0
 235000 0
 245000 0
 255000 0
aes128_table_ecb_bench.dut.InvMixColumn0.mul4x8.sxm1[7:0]
 0 1010010
 85000 10001
 95000 1100010
 105000 1001
 115000 11110110
 125000 1111
 135000 11110101
 145000 10000010
 155000 11111110
 165000 10111000
 175000 11100
 185000 111111
 195000 10000110
 205000 10111101
 215000 1101111
 225000 10100000
 235000 11110010
 245000 1111001
 255000 10000010
aes128_table_ecb_bench.dut.InvMixColumn0.mul4x8.sxm2[7:0]
 0 1010010
 85000 10001
 95000 1100010
 105000 1001
 115000 11110110
 125000 1111
 135000 11110101
 145000 10000010
 155000 11111110
 165000 10111000
 175000 11100
 185000 111111
 195000 10000110
 205000 10111101
 215000 1101111
 225000 10100000
 235000 11110010
 245000 1111001
 255000 10000010
aes128_table_ecb_bench.dut.InvMixColumn0.mul4x8.sxm3[7:0]
 0 1010010
 85000 10001
 95000 1100010
 105000 1001
 115000 11110110
 125000 1111
 135000 11110101
 145000 10000010
 155000 11111110
 165000 10111000
 175000 11100
 185000 111111
 195000 10000110
 205000 10111101
 215000 1101111
 225000 10100000
 235000 11110010
 245000 1111001
 255000 10000010
aes128_table_ecb_bench.dut.InvMixColumn0.mul4x8.temp[10:0]
 0 1101111100
 85000 11101110
 95000 1001011100
 105000 1111110
 115000 10110000100
 125000 1011010
 135000 10110010110
 145000 11100011100
 155000 10111110100
 165000 11001010000
 175000 10101000
 185000 101111010
 195000 11100100100
 205000 11001100110
 215000 1000011010
 225000 11011000000
 235000 10110111100
 245000 1011011110
 255000 11100011100
aes128_table_ecb_bench.dut.InvMixColumn1.m0c[7:0]
 0 1010010
 95000 11101010
 105000 11010001
 115000 11111001
 125000 10111010
 135000 11100111
 145000 11110111
 155000 1000001
 165000 1001101
 175000 10010010
 185000 10000000
 195000 11101110
 205000 10000000
 215000 10000
 225000 1101100
 235000 10100000
 245000 10001011
 255000 11110111
aes128_table_ecb_bench.dut.InvMixColumn1.m1c[7:0]
 0 1010010
 95000 1010
 105000 10100001
 115000 100001
 125000 1111111
 135000 11111010
 145000 1001
 155000 1001011
 165000 110000
 175000 1001101
 185000 10001101
 195000 1110001
 205000 11010010
 215000 1011010
 225000 1000101
 235000 110000
 245000 111
 255000 1001
aes128_table_ecb_bench.dut.InvMixColumn1.m2c[7:0]
 0 1010010
 95000 10001010
 105000 11100001
 115000 10000001
 125000 1011111
 135000 1110001
 145000 10110
 155000 10111000
 165000 11100010
 175000 1110000
 185000 110
 195000 11011110
 205000 11010100
 215000 10010000
 225000 10000011
 235000 10000110
 245000 10001110
 255000 10110
aes128_table_ecb_bench.dut.InvMixColumn1.m3c[7:0]
 0 1010010
 95000 1001010
 105000 10000001
 115000 1110001
 125000 1101111
 135000 110010
 145000 1100011
 155000 10101100
 165000 11001111
 175000 10010101
 185000 11010010
 195000 10100100
 205000 1011000
 215000 1001011
 225000 10111100
 235000 1010111
 245000 11110000
 255000 1100011
aes128_table_ecb_bench.dut.InvMixColumn1.s0c[7:0]
 0 1010010
 95000 10001
 105000 100001
 115000 1111010
 125000 11011110
 135000 10000011
 145000 10011011
 155000 1001011
 165000 11100111
 175000 1101
 185000 1000011
 195000 101110
 205000 11111010
 215000 10101
 225000 101000
 235000 11011010
 245000 1111010
 255000 10011011
aes128_table_ecb_bench.dut.InvMixColumn1.s1c[7:0]
 0 1010010
 95000 110001
 115000 1010010
 125000 11001010
 135000 10101001
 145000 10111100
 155000 10101000
 165000 11011111
 175000 1101
 185000 1011001
 195000 11010001
 205000 0
 215000 1000100
 225000 11000100
 235000 110
 245000 11111100
 255000 10111100
aes128_table_ecb_bench.dut.InvMixColumn1.s2c[7:0]
 0 1010010
 95000 110001
 115000 1010010
 125000 11001010
 135000 10101001
 145000 1110111
 155000 10001110
 165000 11101000
 175000 10011011
 185000 1101100
 195000 11001111
 205000 1001
 215000 10101100
 225000 11101011
 235000 1111110
 245000 10000000
 255000 1110111
aes128_table_ecb_bench.dut.InvMixColumn1.s3c[7:0]
 0 1010010
 95000 110001
 115000 1010010
 125000 101011
 135000 11011101
 145000 11011011
 155000 1110011
 165000 10000000
 175000 10100001
 185000 10101111
 195000 11010101
 205000 101101
 215000 1101100
 225000 10001
 235000 11100011
 245000 11110100
 255000 11011011
aes128_table_ecb_bench.dut.InvMixColumn1.mul4x8.c0[7:0]
 0 11011
 95000 0
 105000 11011
 115000 0
 125000 0
 135000 11011
 145000 11011
 155000 11011
 165000 11011
 175000 0
 185000 11011
 195000 11011
 205000 11011
 215000 0
 225000 11011
 235000 0
 245000 0
 255000 11011
aes128_table_ecb_bench.dut.InvMixColumn1.mul4x8.c1[7:0]
 0 110110
 95000 0
 115000 110110
 125000 0
 135000 110110
 145000 110110
 155000 110110
 165000 0
 175000 0
 185000 110110
 195000 0
 205000 0
 215000 0
 225000 0
 235000 0
 245000 110110
 255000 110110
aes128_table_ecb_bench.dut.InvMixColumn1.mul4x8.c2[7:0]
 0 0
 125000 1101100
 145000 1101100
 155000 0
 165000 1101100
 175000 0
 185000 0
 195000 0
 205000 1101100
 215000 0
 225000 0
 235000 1101100
 245000 0
 255000 1101100
aes128_table_ecb_bench.dut.InvMixColumn1.mul4x8.mx[3:0]
 0 1110
 95000 1110
 105000 1110
 115000 1110
 125000 1110
 135000 1110
 145000 1110
 155000 1110
 165000 1110
 175000 1110
 185000 1110
 195000 1110
 205000 1110
 215000 1110
 225000 1110
 235000 1110
 245000 1110
 255000 1110
aes128_table_ecb_bench.dut.InvMixColumn1.mul4x8.sc[7:0]
 0 1010010
 95000 10001
 105000 100001
 115000 1111010
 125000 11011110
 135000 10000011
 145000 10011011
 155000 1001011
 165000 11100111
 175000 1101
 185000 1000011
 195000 101110
 205000 11111010
 215000 10101
 225000 101000
 235000 11011010
 245000 1111010
 255000 10011011
aes128_table_ecb_bench.dut.InvMixColumn1.mul4x8.sxm0[7:0]
 0 0
 95000 0
 105000 0
 115000 0
 125000 0
 135000 0
 145000 0
 155000 0
 165000 0
 175000 0
 185000 0
 195000 0
 205000 0
 215000 0
 225000 0
 235000 0
 245000 0
 255000 0
aes128_table_ecb_bench.dut.InvMixColumn1.mul4x8.sxm1[7:0]
 0 1010010
 95000 10001
 105000 100001
 115000 1111010
 125000 11011110
 135000 10000011
 145000 10011011
 155000 1001011
 165000 11100111
 175000 1101
 185000 1000011
 195000 101110
 205000 11111010
 215000 10101
 225000 101000
 235000 11011010
 245000 1111010
 255000 10011011
aes128_table_ecb_bench.dut.InvMixColumn1.mul4x8.sxm2[7:0]
 0 1010010
 95000 10001
 105000 100001
 115000 1111010
 125000 11011110
 135000 10000011
 145000 10011011
 155000 1001011
 165000 11100111
 175000 1101
 185000 1000011
 195000 101110
 205000 11111010
 215000 10101
 225000 101000
 235000 11011010
 245000 1111010
 255000 10011011
aes128_table_ecb_bench.dut.InvMixColumn1.mul4x8.sxm3[7:0]
 0 1010010
 95000 10001
 105000 100001
 115000 1111010
 125000 11011110
 135000 10000011
 145000 10011011
 155000 1001011
 165000 11100111
 175000 1101
 185000 1000011
 195000 101110
 205000 11111010
 215000 10101
 225000 101000
 235000 11011010
 245000 1111010
 255000 10011011
aes128_table_ecb_bench.dut.InvMixColumn1.mul4x8.temp[10:0]
 0 1101111100
 95000 11101110
 105000 111001110
 115000 1011001100
 125000 10000110100
 135000 11100010010
 145000 11110000010
 155000 1111100010
 165000 10101101010
 175000 1000110
 185000 1110010010
 195000 110010100
 205000 10111001100
 215000 11010110
 225000 110110000
 235000 10000001100
 245000 1011001100
 255000 11110000010
aes128_table_ecb_bench.dut.InvMixColumn2.m0c[7:0]
 0 1010010
 105000 11101010
 115000 1101001
 125000 11000010
 135000 101010
 145000 1000111
 155000 11100010
 165000 11110001
 175000 11101110
 185000 101110
 195000 11111100
 205000 1000000
 215000 10010010
 225000 11010000
 235000 11101110
 245000 11100
 255000 1000111
aes128_table_ecb_bench.dut.InvMixColumn2.m1c[7:0]
 0 1010010
 105000 1010
 115000 11111001
 125000 10001010
 135000 10100111
 145000 110000
 155000 1101011
 165000 1110010
 175000 10000
 185000 1111
 195000 11010000
 205000 11110011
 215000 1110011
 225000 1111011
 235000 1101100
 245000 1110
 255000 110000
aes128_table_ecb_bench.dut.InvMixColumn2.m2c[7:0]
 0 1010010
 105000 10001010
 115000 111001
 125000 11101010
 135000 11100111
 145000 10011110
 155000 11011010
 165000 110000
 175000 10000000
 185000 10100010
 195000 11110110
 205000 1111010
 215000 11111100
 225000 111110
 235000 11101111
 245000 111011
 255000 10011110
aes128_table_ecb_bench.dut.InvMixColumn2.m3c[7:0]
 0 1010010
 105000 1001010
 115000 10011001
 125000 10111010
 135000 10000111
 145000 11110011
 155000 11000010
 165000 111100
 175000 10100001
 185000 1100110
 195000 11100110
 205000 10000
 215000 11010
 225000 11
 235000 11101101
 245000 11101000
 255000 11110011
aes128_table_ecb_bench.dut.InvMixColumn2.s0c[7:0]
 0 1010010
 105000 10001
 115000 1100010
 125000 1001010
 135000 11000110
 145000 10110011
 155000 1111010
 165000 1100011
 175000 11010110
 185000 10001001
 195000 10011000
 205000 11100100
 215000 1001100
 225000 1011
 235000 1110001
 245000 11111001
 255000 10110011
aes128_table_ecb_bench.dut.InvMixColumn2.s1c[7:0]
 0 1010010
 105000 110001
 115000 1010010
 135000 11001010
 145000 1101101
 155000 10000011
 165000 1111001
 175000 11110100
 185000 10101011
 195000 10100000
 205000 100011
 215000 1110001
 225000 1100111
 235000 11110001
 245000 10100101
 255000 1101101
aes128_table_ecb_bench.dut.InvMixColumn2.s2c[7:0]
 0 1010010
 105000 110001
 115000 1010010
 135000 11001010
 145000 1011110
 155000 1111011
 165000 10100111
 175000 11101
 185000 11010100
 195000 11101010
 205000 1110111
 215000 101100
 225000 11010010
 235000 1101011
 245000 1000111
 255000 1011110
aes128_table_ecb_bench.dut.InvMixColumn2.s3c[7:0]
 0 1010010
 105000 110001
 115000 1010010
 135000 101011
 145000 10011010
 155000 10011
 165000 110010
 175000 11100000
 185000 10011
 195000 11101110
 205000 1101001
 215000 10110
 225000 101000
 235000 1101011
 245000 11011010
 255000 10011010
aes128_table_ecb_bench.dut.InvMixColumn2.mul4x8.c0[7:0]
 0 11011
 105000 0
 115000 0
 125000 11011
 135000 0
 145000 0
 155000 0
 165000 0
 175000 0
 185000 11011
 195000 11011
 205000 11011
 215000 11011
 225000 0
 235000 0
 245000 11011
 255000 0
aes128_table_ecb_bench.dut.InvMixColumn2.mul4x8.c1[7:0]
 0 110110
 105000 0
 115000 110110
 135000 0
 145000 110110
 155000 110110
 165000 110110
 175000 0
 185000 110110
 195000 110110
 205000 0
 215000 110110
 225000 0
 235000 110110
 245000 0
 255000 110110
aes128_table_ecb_bench.dut.InvMixColumn2.mul4x8.c2[7:0]
 0 0
 135000 1101100
 145000 1101100
 155000 0
 165000 0
 175000 1101100
 185000 1101100
 205000 1101100
 215000 0
 225000 0
 235000 0
 245000 1101100
 255000 1101100
aes128_table_ecb_bench.dut.InvMixColumn2.mul4x8.mx[3:0]
 0 1110
 105000 1110
 115000 1110
 125000 1110
 135000 1110
 145000 1110
 155000 1110
 165000 1110
 175000 1110
 185000 1110
 195000 1110
 205000 1110
 215000 1110
 225000 1110
 235000 1110
 245000 1110
 255000 1110
aes128_table_ecb_bench.dut.InvMixColumn2.mul4x8.sc[7:0]
 0 1010010
 105000 10001
 115000 1100010
 125000 1001010
 135000 11000110
 145000 10110011
 155000 1111010
 165000 1100011
 175000 11010110
 185000 10001001
 195000 10011000
 205000 11100100
 215000 1001100
 225000 1011
 235000 1110001
 245000 11111001
 255000 10110011
aes128_table_ecb_bench.dut.InvMixColumn2.mul4x8.sxm0[7:0]
 0 0
 105000 0
 115000 0
 125000 0
 135000 0
 145000 0
 155000 0
 165000 0
 175000 0
 185000 0
 195000 0
 205000 0
 215000 0
 225000 0
 235000 0
 245000 0
 255000 0
aes128_table_ecb_bench.dut.InvMixColumn2.mul4x8.sxm1[7:0]
 0 1010010
 105000 10001
 115000 1100010
 125000 1001010
 135000 11000110
 145000 10110011
 155000 1111010
 165000 1100011
 175000 11010110
 185000 10001001
 195000 10011000
 205000 11100100
 215000 1001100
 225000 1011
 235000 1110001
 245000 11111001
 255000 10110011
aes128_table_ecb_bench.dut.InvMixColumn2.mul4x8.sxm2[7:0]
 0 1010010
 105000 10001
 115000 1100010
 125000 1001010
 135000 11000110
 145000 10110011
 155000 1111010
 165000 1100011
 175000 11010110
 185000 10001001
 195000 10011000
 205000 11100100
 215000 1001100
 225000 1011
 235000 1110001
 245000 11111001
 255000 10110011
aes128_table_ecb_bench.dut.InvMixColumn2.mul4x8.sxm3[7:0]
 0 1010010
 105000 10001
 115000 1100010
 125000 1001010
 135000 11000110
 145000 10110011
 155000 1111010
 165000 1100011
 175000 11010110
 185000 10001001
 195000 10011000
 205000 11100100
 215000 1001100
 225000 1011
 235000 1110001
 245000 11111001
 255000 10110011
aes128_table_ecb_bench.dut.InvMixColumn2.mul4x8.temp[10:0]
 0 1101111100
 105000 11101110
 115000 1001011100
 125000 1111101100
 135000 10010100100
 145000 11000110010
 155000 1011001100
 165000 1001010010
 175000 10001000100
 185000 11101111110
 195000 11110010000
 205000 10101111000
 215000 1111001000
 225000 1100010
 235000 1010101110
 245000 10111011110
 255000 11000110010
aes128_table_ecb_bench.dut.InvMixColumn3.m0c[7:0]
 0 1010010
 115000 11101010
 125000 11010001
 135000 1000001
 145000 100001
 155000 110100
 165000 10000100
 175000 100111
 185000 10011011
 195000 11100111
 205000 1001001
 215000 1011011
 225000 10011011
 235000 11001
 245000 10100101
 255000 100001
aes128_table_ecb_bench.dut.InvMixColumn3.m1c[7:0]
 0 1010010
 115000 1010
 125000 10100001
 135000 1111001
 145000 1111100
 155000 11110
 165000 100111
 175000 111
 185000 1000101
 195000 11000
 205000 10011010
 215000 111011
 225000 11010
 235000 110011
 245000 1101
 255000 1111100
aes128_table_ecb_bench.dut.InvMixColumn3.m2c[7:0]
 0 1010010
 115000 10001010
 125000 11100001
 135000 1011001
 145000 1100101
 155000 10101001
 165000 100001
 175000 1000011
 185000 10010001
 195000 1100001
 205000 11000101
 215000 11101101
 225000 1000011
 235000 101111
 245000 10010010
 255000 1100101
aes128_table_ecb_bench.dut.InvMixColumn3.m3c[7:0]
 0 1010010
 115000 1001010
 125000 10000001
 135000 1101001
 145000 1000111
 155000 11100110
 165000 1110110
 175000 11000
 185000 11101011
 195000 11011111
 205000 1101011
 215000 101001
 225000 1100001
 235000 110000
 245000 10001111
 255000 1000111
aes128_table_ecb_bench.dut.InvMixColumn3.s0c[7:0]
 0 1010010
 115000 10001
 125000 100001
 135000 111001
 145000 11100100
 155000 101
 165000 101101
 175000 11100
 185000 10011000
 195000 1000011
 205000 10001001
 215000 111111
 225000 100001
 235000 1111000
 245000 1011011
 255000 11100100
aes128_table_ecb_bench.dut.InvMixColumn3.s1c[7:0]
 0 1010010
 115000 110001
 155000 1110
 165000 11011111
 175000 11110100
 185000 1010010
 195000 10101011
 205000 1011001
 215000 101000
 225000 1011
 235000 111110
 245000 10011101
 255000 110001
aes128_table_ecb_bench.dut.InvMixColumn3.s2c[7:0]
 0 1010010
 115000 110001
 145000 1011110
 155000 1010010
 165000 1111011
 175000 10001110
 185000 11000001
 195000 1000111
 205000 11111111
 215000 11011010
 225000 10100100
 235000 100100
 245000 11101
 255000 1011110
aes128_table_ecb_bench.dut.InvMixColumn3.s3c[7:0]
 0 1010010
 115000 110001
 145000 11110100
 155000 111100
 165000 1111101
 175000 11101
 185000 10101111
 195000 11101110
 205000 1010010
 215000 1101001
 225000 101101
 235000 1010111
 245000 1101110
 255000 11110100
aes128_table_ecb_bench.dut.InvMixColumn3.mul4x8.c0[7:0]
 0 11011
 115000 0
 125000 11011
 145000 11011
 155000 0
 165000 11011
 175000 0
 185000 11011
 195000 11011
 205000 11011
 215000 11011
 225000 11011
 235000 0
 245000 11011
 255000 11011
aes128_table_ecb_bench.dut.InvMixColumn3.mul4x8.c1[7:0]
 0 110110
 115000 0
 145000 0
 155000 0
 165000 0
 175000 0
 185000 110110
 195000 110110
 205000 110110
 215000 0
 225000 0
 235000 110110
 245000 110110
 255000 0
aes128_table_ecb_bench.dut.InvMixColumn3.mul4x8.c2[7:0]
 0 0
 145000 1101100
 155000 0
 165000 0
 175000 0
 185000 1101100
 195000 0
 205000 1101100
 215000 0
 225000 0
 245000 0
 255000 1101100
aes128_table_ecb_bench.dut.InvMixColumn3.mul4x8.mx[3:0]
 0 1110
 115000 1110
 125000 1110
 135000 1110
 145000 1110
 155000 1110
 165000 1110
 175000 1110
 185000 1110
 195000 1110
 205000 1110
 215000 1110
 225000 1110
 235000 1110
 245000 1110
 255000 1110
aes128_table_ecb_bench.dut.InvMixColumn3.mul4x8.sc[7:0]
 0 1010010
 115000 10001
 125000 100001
 135000 111001
 145000 11100100
 155000 101
 165000 101101
 175000 11100
 185000 10011000
 195000 1000011
 205000 10001001
 215000 111111
 225000 100001
 235000 1111000
 245000 1011011
 255000 11100100
aes128_table_ecb_bench.dut.InvMixColumn3.mul4x8.sxm0[7:0]
 0 0
 115000 0
 125000 0
 135000 0
 145000 0
 155000 0
 165000 0
 175000 0
 185000 0
 195000 0
 205000 0
 215000 0
 225000 0
 235000 0
 245000 0
 255000 0
aes128_table_ecb_bench.dut.InvMixColumn3.mul4x8.sxm1[7:0]
 0 1010010
 115000 10001
 125000 100001
 135000 111001
 145000 11100100
 155000 101
 165000 101101
 175000 11100
 185000 10011000
 195000 1000011
 205000 10001001
 215000 111111
 225000 100001
 235000 1111000
 245000 1011011
 255000 11100100
aes128_table_ecb_bench.dut.InvMixColumn3.mul4x8.sxm2[7:0]
 0 1010010
 115000 10001
 125000 100001
 135000 111001
 145000 11100100
 155000 101
 165000 101101
 175000 11100
 185000 10011000
 195000 1000011
 205000 10001001
 215000 111111
 225000 100001
 235000 1111000
 245000 1011011
 255000 11100100
aes128_table_ecb_bench.dut.InvMixColumn3.mul4x8.sxm3[7:0]
 0 1010010
 115000 10001
 125000 100001
 135000 111001
 145000 11100100
 155000 101
 165000 101101
 175000 11100
 185000 10011000
 195000 1000011
 205000 10001001
 215000 111111
 225000 100001
 235000 1111000
 245000 1011011
 255000 11100100
aes128_table_ecb_bench.dut.InvMixColumn3.mul4x8.temp[10:0]
 0 1101111100
 115000 11101110
 125000 111001110
 135000 101011110
 145000 10101111000
 155000 110110
 165000 110000110
 175000 10101000
 185000 11110010000
 195000 1110010010
 205000 11101111110
 215000 101111010
 225000 111001110
 235000 1011010000
 245000 1100000010
 255000 10101111000
aes128_table_ecb_bench.dut.InvSubBytes.a00[7:0]
 0 0
aes128_table_ecb_bench.dut.InvSubBytes.a01[7:0]
 0 0
aes128_table_ecb_bench.dut.InvSubBytes.a02[7:0]
 0 0
aes128_table_ecb_bench.dut.InvSubBytes.a03[7:0]
 0 0
aes128_table_ecb_bench.dut.InvSubBytes.a10[7:0]
 0 0
aes128_table_ecb_bench.dut.InvSubBytes.a11[7:0]
 0 0
aes128_table_ecb_bench.dut.InvSubBytes.a12[7:0]
 0 0
aes128_table_ecb_bench.dut.InvSubBytes.a13[7:0]
 0 0
aes128_table_ecb_bench.dut.InvSubBytes.a20[7:0]
 0 0
aes128_table_ecb_bench.dut.InvSubBytes.a21[7:0]
 0 0
aes128_table_ecb_bench.dut.InvSubBytes.a22[7:0]
 0 0
aes128_table_ecb_bench.dut.InvSubBytes.a23[7:0]
 0 0
aes128_table_ecb_bench.dut.InvSubBytes.a30[7:0]
 0 0
aes128_table_ecb_bench.dut.InvSubBytes.a31[7:0]
 0 0
aes128_table_ecb_bench.dut.InvSubBytes.a32[7:0]
 0 0
aes128_table_ecb_bench.dut.InvSubBytes.a33[7:0]
 0 0
aes128_table_ecb_bench.dut.InvSubBytes.b33[7:0]
 0 1010010
aes128_table_ecb_bench.dut.InvSubBytes.b32[7:0]
 0 1010010
aes128_table_ecb_bench.dut.InvSubBytes.b31[7:0]
 0 1010010
aes128_table_ecb_bench.dut.InvSubBytes.b30[7:0]
 0 1010010
aes128_table_ecb_bench.dut.InvSubBytes.b23[7:0]
 0 1010010
aes128_table_ecb_bench.dut.InvSubBytes.b22[7:0]
 0 1010010
aes128_table_ecb_bench.dut.InvSubBytes.b21[7:0]
 0 1010010
aes128_table_ecb_bench.dut.InvSubBytes.b20[7:0]
 0 1010010
aes128_table_ecb_bench.dut.InvSubBytes.b13[7:0]
 0 1010010
aes128_table_ecb_bench.dut.InvSubBytes.b12[7:0]
 0 1010010
aes128_table_ecb_bench.dut.InvSubBytes.b11[7:0]
 0 1010010
aes128_table_ecb_bench.dut.InvSubBytes.b10[7:0]
 0 1010010
aes128_table_ecb_bench.dut.InvSubBytes.b03[7:0]
 0 1010010
aes128_table_ecb_bench.dut.InvSubBytes.b02[7:0]
 0 1010010
aes128_table_ecb_bench.dut.InvSubBytes.b01[7:0]
 0 1010010
aes128_table_ecb_bench.dut.InvSubBytes.b00[7:0]
 0 1010010
aes128_table_ecb_bench.dut.InvSubBytes.is_box.aij[7:0]
 0 0
aes128_table_ecb_bench.dut.MixColumns0.m0c[7:0]
 0 1100011
 155000 1001110
 165000 11111111
 175000 1101111
 185000 111001
 195000 11100000
 205000 1110001
 215000 10010111
 225000 1111110
 235000 110010
 245000 11001011
 255000 110111
aes128_table_ecb_bench.dut.MixColumns0.m1c[7:0]
 0 1100011
 155000 1000011
 165000 1001001
 175000 1110011
 185000 1100010
 195000 11000001
 205000 11110001
 215000 1011
 225000 10101111
 235000 100000
 245000 1100111
 255000 10101000
aes128_table_ecb_bench.dut.MixColumns0.m2c[7:0]
 0 1100011
 155000 10100100
 165000 100
 175000 1110111
 185000 1111010
 195000 10100100
 205000 1000101
 215000 111000
 225000 11011011
 235000 11010010
 245000 10110110
 255000 10000
aes128_table_ecb_bench.dut.MixColumns0.m3c[7:0]
 0 1100011
 155000 10001010
 165000 10011000
 175000 10000010
 185000 1111111
 195000 11100111
 205000 11110100
 215000 10010101
 225000 11010000
 235000 11010001
 245000 10110
 255000 11000110
aes128_table_ecb_bench.dut.MixColumns0.s0c[7:0]
 0 1100011
 155000 11110001
 165000 101000
 175000 11010111
 185000 0
 195000 11110110
 205000 11000
 215000 10011100
 225000 110101
 235000 100010
 245000 1011
 255000 10111001
aes128_table_ecb_bench.dut.MixColumns0.s1c[7:0]
 0 1100011
 155000 10111111
 165000 11011011
 175000 1110010
 185000 10111110
 195000 11001100
 205000 110100
 215000 10000001
 225000 11110000
 235000 10101111
 245000 1101101
 255000 1010111
aes128_table_ecb_bench.dut.MixColumns0.s2c[7:0]
 0 1100011
 155000 1011101
 165000 10000111
 175000 110
 185000 11111111
 195000 1110110
 205000 1001110
 215000 1010001
 225000 111111
 235000 11100000
 245000 1101110
 255000 1100
aes128_table_ecb_bench.dut.MixColumns0.s3c[7:0]
 0 1100011
 155000 110000
 165000 1011110
 175000 1001010
 185000 11111
 195000 101110
 205000 1010011
 215000 1111101
 225000 100000
 235000 1111100
 245000 100
 255000 10101011
aes128_table_ecb_bench.dut.MixColumns0.mul4x8.c0[7:0]
 0 0
 155000 11011
 165000 0
 175000 11011
 185000 0
 195000 11011
 205000 0
 215000 11011
 225000 0
 235000 0
 255000 11011
aes128_table_ecb_bench.dut.MixColumns0.mul4x8.c1[7:0]
 0 0
aes128_table_ecb_bench.dut.MixColumns0.mul4x8.c2[7:0]
 0 0
aes128_table_ecb_bench.dut.MixColumns0.mul4x8.mx[3:0]
 0 10
 155000 10
 165000 10
 175000 10
 185000 10
 195000 10
 205000 10
 215000 10
 225000 10
 235000 10
 245000 10
 255000 10
aes128_table_ecb_bench.dut.MixColumns0.mul4x8.sc[7:0]
 0 1100011
 155000 11110001
 165000 101000
 175000 11010111
 185000 0
 195000 11110110
 205000 11000
 215000 10011100
 225000 110101
 235000 100010
 245000 1011
 255000 10111001
aes128_table_ecb_bench.dut.MixColumns0.mul4x8.sxm0[7:0]
 0 0
 155000 0
 165000 0
 175000 0
 185000 0
 195000 0
 205000 0
 215000 0
 225000 0
 235000 0
 245000 0
 255000 0
aes128_table_ecb_bench.dut.MixColumns0.mul4x8.sxm1[7:0]
 0 1100011
 155000 11110001
 165000 101000
 175000 11010111
 185000 0
 195000 11110110
 205000 11000
 215000 10011100
 225000 110101
 235000 100010
 245000 1011
 255000 10111001
aes128_table_ecb_bench.dut.MixColumns0.mul4x8.sxm2[7:0]
 0 0
aes128_table_ecb_bench.dut.MixColumns0.mul4x8.sxm3[7:0]
 0 0
aes128_table_ecb_bench.dut.MixColumns0.mul4x8.temp[10:0]
 0 11000110
 155000 111100010
 165000 1010000
 175000 110101110
 185000 0
 195000 111101100
 205000 110000
 215000 100111000
 225000 1101010
 235000 1000100
 245000 10110
 255000 101110010
aes128_table_ecb_bench.dut.MixColumns1.m0c[7:0]
 0 1100011
 155000 11100000
 165000 11000000
 175000 11110
 185000 10111101
 195000 1001101
 205000 10
 215000 1101001
 225000 11110100
 235000 1110101
 245000 11001011
 255000 110101
aes128_table_ecb_bench.dut.MixColumns1.m1c[7:0]
 0 1100011
 155000 11001011
 165000 10001000
 175000 1001100
 185000 1110101
 195000 10101011
 205000 10011010
 215000 1001000
 225000 10010110
 235000 1001001
 245000 1011100
 255000 10100110
aes128_table_ecb_bench.dut.MixColumns1.m2c[7:0]
 0 1100011
 155000 11001
 165000 100000
 175000 10100111
 185000 1111111
 195000 10011001
 205000 1010110
 215000 11110000
 225000 1010100
 235000 11011001
 245000 10011001
 255000 11111100
aes128_table_ecb_bench.dut.MixColumns1.m3c[7:0]
 0 1100011
 155000 10011010
 165000 10101
 175000 10001100
 185000 10101111
 195000 10111011
 205000 1001
 215000 11110110
 225000 1101011
 235000 10101011
 245000 1011101
 255000 111110
aes128_table_ecb_bench.dut.MixColumns1.s0c[7:0]
 0 1100011
 155000 11100000
 165000 1000101
 175000 11110100
 185000 11001011
 195000 1011001
 205000 11000111
 215000 1111101
 225000 101
 235000 10000011
 245000 1010000
 255000 11101110
aes128_table_ecb_bench.dut.MixColumns1.s1c[7:0]
 0 1100011
 155000 10110100
 165000 111001
 175000 110000
 185000 11111100
 195000 110001
 205000 11000110
 215000 11101001
 225000 1010011
 235000 11011111
 245000 110100
 255000 10101011
aes128_table_ecb_bench.dut.MixColumns1.s2c[7:0]
 0 1100011
 155000 1010010
 165000 1011111
 175000 10111111
 185000 111001
 195000 11110
 205000 110
 215000 10101010
 225000 11111
 235000 10110011
 245000 10100100
 255000 10000101
aes128_table_ecb_bench.dut.MixColumns1.s3c[7:0]
 0 1100011
 155000 10101110
 165000 1011110
 175000 10
 185000 10110
 195000 10110010
 205000 11000000
 215000 11001
 225000 10100
 235000 10100001
 245000 10010011
 255000 10010001
aes128_table_ecb_bench.dut.MixColumns1.mul4x8.c0[7:0]
 0 0
 155000 0
 175000 0
 185000 0
 195000 0
 205000 0
 215000 0
 235000 0
 245000 0
 255000 0
aes128_table_ecb_bench.dut.MixColumns1.mul4x8.c1[7:0]
 0 0
aes128_table_ecb_bench.dut.MixColumns1.mul4x8.c2[7:0]
 0 0
aes128_table_ecb_bench.dut.MixColumns1.mul4x8.mx[3:0]
 0 1
 155000 1
 165000 1
 175000 1
 185000 1
 195000 1
 205000 1
 215000 1
 225000 1
 235000 1
 245000 1
 255000 1
aes128_table_ecb_bench.dut.MixColumns1.mul4x8.sc[7:0]
 0 1100011
 155000 10101110
 165000 1011110
 175000 10
 185000 10110
 195000 10110010
 205000 11000000
 215000 11001
 225000 10100
 235000 10100001
 245000 10010011
 255000 10010001
aes128_table_ecb_bench.dut.MixColumns1.mul4x8.sxm0[7:0]
 0 1100011
 155000 10101110
 165000 1011110
 175000 10
 185000 10110
 195000 10110010
 205000 11000000
 215000 11001
 225000 10100
 235000 10100001
 245000 10010011
 255000 10010001
aes128_table_ecb_bench.dut.MixColumns1.mul4x8.sxm1[7:0]
 0 0
 155000 0
 165000 0
 175000 0
 185000 0
 195000 0
 205000 0
 215000 0
 225000 0
 235000 0
 245000 0
 255000 0
aes128_table_ecb_bench.dut.MixColumns1.mul4x8.sxm2[7:0]
 0 0
aes128_table_ecb_bench.dut.MixColumns1.mul4x8.sxm3[7:0]
 0 0
aes128_table_ecb_bench.dut.MixColumns1.mul4x8.temp[10:0]
 0 1100011
 155000 10101110
 165000 1011110
 175000 10
 185000 10110
 195000 10110010
 205000 11000000
 215000 11001
 225000 10100
 235000 10100001
 245000 10010011
 255000 10010001
aes128_table_ecb_bench.dut.MixColumns2.m0c[7:0]
 0 1100011
 155000 1001000
 165000 11101110
 175000 11110100
 185000 111001
 195000 1001101
 205000 11101100
 215000 1101001
 225000 10000110
 235000 100110
 245000 11101101
 255000 10010100
aes128_table_ecb_bench.dut.MixColumns2.m1c[7:0]
 0 1100011
 155000 11111000
 165000 111101
 175000 1110110
 185000 1011111
 195000 110101
 205000 10010
 215000 11110110
 225000 11000100
 235000 11111001
 245000 111011
 255000 11111001
aes128_table_ecb_bench.dut.MixColumns2.m2c[7:0]
 0 1100011
 155000 11010011
 165000 100101
 175000 11
 185000 101010
 195000 1110
 205000 11110110
 215000 1101010
 225000 1010101
 235000 1101100
 245000 11001
 255000 100111
aes128_table_ecb_bench.dut.MixColumns2.m3c[7:0]
 0 1100011
 155000 1111010
 165000 11110011
 175000 1100011
 185000 100
 195000 100001
 205000 11010110
 215000 1110011
 225000 10001
 235000 101110
 245000 10100110
 255000 10110001
aes128_table_ecb_bench.dut.MixColumns2.s0c[7:0]
 0 1100011
 155000 10111000
 165000 1111111
 175000 10101001
 185000 10000111
 195000 1110011
 205000 10111
 215000 10011010
 225000 1010101
 235000 10101001
 245000 10101011
 255000 11010110
aes128_table_ecb_bench.dut.MixColumns2.s1c[7:0]
 0 1100011
 155000 1000001
 165000 110101
 175000 1111011
 185000 11111100
 195000 11001010
 205000 10001000
 215000 101101
 225000 10110010
 235000 10100000
 245000 110001
 255000 111
aes128_table_ecb_bench.dut.MixColumns2.s2c[7:0]
 0 1100011
 155000 10001
 165000 10111110
 175000 10000001
 185000 100
 195000 10011110
 205000 10101010
 215000 10001110
 225000 10001010
 235000 11000010
 245000 10001101
 255000 10001000
aes128_table_ecb_bench.dut.MixColumns2.s3c[7:0]
 0 1100011
 155000 11110001
 175000 10110001
 185000 110111
 195000 1110000
 205000 11101011
 215000 10111111
 225000 1101011
 235000 1010110
 245000 1111110
 255000 10100010
aes128_table_ecb_bench.dut.MixColumns2.mul4x8.c0[7:0]
 0 0
 155000 0
 165000 0
 175000 0
 185000 0
 195000 0
 205000 0
 215000 0
 225000 0
 235000 0
 245000 0
 255000 0
aes128_table_ecb_bench.dut.MixColumns2.mul4x8.c1[7:0]
 0 0
aes128_table_ecb_bench.dut.MixColumns2.mul4x8.c2[7:0]
 0 0
aes128_table_ecb_bench.dut.MixColumns2.mul4x8.mx[3:0]
 0 1
 155000 1
 165000 1
 175000 1
 185000 1
 195000 1
 205000 1
 215000 1
 225000 1
 235000 1
 245000 1
 255000 1
aes128_table_ecb_bench.dut.MixColumns2.mul4x8.sc[7:0]
 0 1100011
 155000 10001
 165000 10111110
 175000 10000001
 185000 100
 195000 10011110
 205000 10101010
 215000 10001110
 225000 10001010
 235000 11000010
 245000 10001101
 255000 10001000
aes128_table_ecb_bench.dut.MixColumns2.mul4x8.sxm0[7:0]
 0 1100011
 155000 10001
 165000 10111110
 175000 10000001
 185000 100
 195000 10011110
 205000 10101010
 215000 10001110
 225000 10001010
 235000 11000010
 245000 10001101
 255000 10001000
aes128_table_ecb_bench.dut.MixColumns2.mul4x8.sxm1[7:0]
 0 0
 155000 0
 165000 0
 175000 0
 185000 0
 195000 0
 205000 0
 215000 0
 225000 0
 235000 0
 245000 0
 255000 0
aes128_table_ecb_bench.dut.MixColumns2.mul4x8.sxm2[7:0]
 0 0
aes128_table_ecb_bench.dut.MixColumns2.mul4x8.sxm3[7:0]
 0 0
aes128_table_ecb_bench.dut.MixColumns2.mul4x8.temp[10:0]
 0 1100011
 155000 10001
 165000 10111110
 175000 10000001
 185000 100
 195000 10011110
 205000 10101010
 215000 10001110
 225000 10001010
 235000 11000010
 245000 10001101
 255000 10001000
aes128_table_ecb_bench.dut.MixColumns3.m0c[7:0]
 0 1100011
 155000 1001111
 165000 11101100
 175000 10100011
 185000 11101
 195000 110010
 205000 10100101
 215000 1000111
 225000 100010
 235000 1001
 245000 10011110
 255000 11010011
aes128_table_ecb_bench.dut.MixColumns3.m1c[7:0]
 0 1100011
 155000 10110101
 165000 1011010
 175000 101111
 185000 11011
 195000 1101110
 205000 11111010
 215000 10011000
 225000 11001010
 235000 1110010
 245000 11111011
 255000 101
aes128_table_ecb_bench.dut.MixColumns3.m2c[7:0]
 0 1100011
 155000 11110010
 165000 10
 175000 11010011
 185000 1000100
 195000 10110000
 205000 11110001
 215000 10111
 225000 1100010
 235000 11101
 245000 110110
 255000 1010100
aes128_table_ecb_bench.dut.MixColumns3.m3c[7:0]
 0 1100011
 155000 10011000
 165000 100011
 175000 11110000
 185000 11000011
 195000 11101100
 205000 11101110
 215000 11011
 225000 101110
 235000 1011110
 245000 10010011
 255000 1011110
aes128_table_ecb_bench.dut.MixColumns3.s0c[7:0]
 0 1100011
 155000 11110
 165000 1001101
 175000 11011011
 185000 10001011
 195000 10110100
 205000 100110
 215000 10101000
 225000 1
 235000 1001100
 245000 1011000
 255000 101000
aes128_table_ecb_bench.dut.MixColumns3.s1c[7:0]
 0 1100011
 155000 11110011
 165000 1010110
 175000 111101
 185000 1101
 195000 11110111
 205000 11001010
 215000 10110110
 225000 11001111
 235000 11111111
 245000 1011011
 255000 10110110
aes128_table_ecb_bench.dut.MixColumns3.s2c[7:0]
 0 1100011
 155000 10011000
 165000 10010110
 175000 11101110
 185000 11001011
 195000 110110
 205000 11110010
 215000 1000101
 225000 10010
 235000 101000
 245000 1101011
 255000 1100
aes128_table_ecb_bench.dut.MixColumns3.s3c[7:0]
 0 1100011
 155000 11100101
 165000 11010
 175000 10100111
 185000 11001100
 195000 1110101
 205000 1011110
 215000 10001000
 225000 1111000
 235000 10100011
 245000 10101000
 255000 1001110
aes128_table_ecb_bench.dut.MixColumns3.mul4x8.c0[7:0]
 0 0
 155000 11011
 165000 0
 175000 0
 185000 0
 195000 11011
 205000 11011
 215000 11011
 225000 11011
 235000 11011
 245000 0
 255000 11011
aes128_table_ecb_bench.dut.MixColumns3.mul4x8.c1[7:0]
 0 0
aes128_table_ecb_bench.dut.MixColumns3.mul4x8.c2[7:0]
 0 0
aes128_table_ecb_bench.dut.MixColumns3.mul4x8.mx[3:0]
 0 11
 155000 11
 165000 11
 175000 11
 185000 11
 195000 11
 205000 11
 215000 11
 225000 11
 235000 11
 245000 11
 255000 11
aes128_table_ecb_bench.dut.MixColumns3.mul4x8.sc[7:0]
 0 1100011
 155000 11110011
 165000 1010110
 175000 111101
 185000 1101
 195000 11110111
 205000 11001010
 215000 10110110
 225000 11001111
 235000 11111111
 245000 1011011
 255000 10110110
aes128_table_ecb_bench.dut.MixColumns3.mul4x8.sxm0[7:0]
 0 1100011
 155000 11110011
 165000 1010110
 175000 111101
 185000 1101
 195000 11110111
 205000 11001010
 215000 10110110
 225000 11001111
 235000 11111111
 245000 1011011
 255000 10110110
aes128_table_ecb_bench.dut.MixColumns3.mul4x8.sxm1[7:0]
 0 1100011
 155000 11110011
 165000 1010110
 175000 111101
 185000 1101
 195000 11110111
 205000 11001010
 215000 10110110
 225000 11001111
 235000 11111111
 245000 1011011
 255000 10110110
aes128_table_ecb_bench.dut.MixColumns3.mul4x8.sxm2[7:0]
 0 0
aes128_table_ecb_bench.dut.MixColumns3.mul4x8.sxm3[7:0]
 0 0
aes128_table_ecb_bench.dut.MixColumns3.mul4x8.temp[10:0]
 0 10100101
 155000 100010101
 165000 11111010
 175000 1000111
 185000 10111
 195000 100011001
 205000 101011110
 215000 111011010
 225000 101010001
 235000 100000001
 245000 11101101
 255000 111011010
aes128_table_ecb_bench.dut.SubBytes.a00[7:0]
 0 0
 155000 101011
 165000 11101110
 175000 1101
 185000 1010010
 195000 11010110
 205000 110100
 215000 11100
 225000 11011001
 235000 10010100
 245000 10011110
 255000 11011011
aes128_table_ecb_bench.dut.SubBytes.a01[7:0]
 0 0
 155000 10100000
 165000 1101000
 175000 10111010
 185000 1011001
 195000 10101
 205000 110001
 215000 10011
 225000 110110
 235000 1000001
 245000 1101100
 255000 10011001
aes128_table_ecb_bench.dut.SubBytes.a02[7:0]
 0 0
 155000 10011010
 165000 1101011
 175000 10110111
 185000 11101010
 195000 10001111
 205000 10000111
 215000 110111
 225000 11101101
 235000 10110111
 245000 1110
 255000 1001010
aes128_table_ecb_bench.dut.SubBytes.a03[7:0]
 0 0
 155000 11101001
 165000 1100101
 175000 10011111
 185000 11001110
 195000 11000110
 205000 100011
 215000 1101111
 225000 1001
 235000 1011101
 245000 1011110
 255000 11101110
aes128_table_ecb_bench.dut.SubBytes.a10[7:0]
 0 0
 155000 1111110
 165000 10111001
 175000 10001011
 185000 11110011
 195000 100110
 205000 10000
 215000 1111001
 225000 1011111
 235000 1111101
 245000 1010111
 255000 1111001
aes128_table_ecb_bench.dut.SubBytes.a11[7:0]
 0 0
 155000 11110100
 165000 10011111
 175000 11110
 185000 1011010
 195000 100111
 205000 101000
 215000 10010001
 225000 10111
 235000 11011
 245000 10110011
 255000 11011010
aes128_table_ecb_bench.dut.SubBytes.a12[7:0]
 0 0
 155000 11000110
 165000 1011011
 175000 1000
 185000 1010101
 195000 101110
 205000 11000111
 215000 11101011
 225000 1010000
 235000 11101111
 245000 101000
 255000 1110
aes128_table_ecb_bench.dut.SubBytes.a13[7:0]
 0 0
 155000 11111000
 165000 11011001
 175000 11
 185000 1010101
 195000 10000
 205000 10010111
 215000 11111010
 225000 111110
 235000 1000111
 245000 101110
 255000 111000
aes128_table_ecb_bench.dut.SubBytes.a20[7:0]
 0 0
 155000 11100011
 165000 1011010
 175000 10010001
 185000 110000
 195000 11011111
 205000 1100010
 215000 11100110
 225000 11001111
 235000 10101000
 245000 10110100
 255000 10010111
aes128_table_ecb_bench.dut.SubBytes.a21[7:0]
 0 0
 155000 11100010
 165000 110101
 175000 10011001
 185000 1011001
 195000 100100
 205000 100
 215000 1101000
 225000 111001
 235000 11101110
 245000 101
 255000 10000001
aes128_table_ecb_bench.dut.SubBytes.a22[7:0]
 0 0
 155000 10001101
 165000 11101010
 175000 10100101
 185000 1111101
 195000 1111
 205000 10110110
 215000 1110000
 225000 100101
 235000 10100000
 245000 1000101
 255000 10000001
aes128_table_ecb_bench.dut.SubBytes.a23[7:0]
 0 0
 155000 1001000
 165000 10000100
 175000 11110100
 185000 1011011
 195000 11101001
 205000 10100101
 215000 1100010
 225000 11001011
 235000 1001011
 245000 11101
 255000 1100111
aes128_table_ecb_bench.dut.SubBytes.a30[7:0]
 0 0
 155000 10111110
 165000 10011101
 175000 1101010
 185000 11111111
 195000 111110
 205000 11111
 215000 10001110
 225000 10011011
 235000 11110001
 245000 100010
 255000 10101100
aes128_table_ecb_bench.dut.SubBytes.a31[7:0]
 0 0
 155000 101011
 175000 1010110
 185000 10110010
 195000 11010000
 205000 111100
 215000 11110100
 225000 101
 235000 10111001
 245000 10001010
 255000 11010
aes128_table_ecb_bench.dut.SubBytes.a32[7:0]
 0 0
 155000 101010
 165000 1000011
 175000 10001001
 185000 100111
 195000 111111
 205000 10011101
 215000 10010111
 225000 11000001
 235000 1110001
 245000 1101111
 255000 10110110
aes128_table_ecb_bench.dut.SubBytes.a33[7:0]
 0 0
 155000 1000
 165000 10011101
 175000 1011100
 185000 11001011
 195000 11000011
 205000 1010000
 215000 10011
 225000 1010100
 235000 1
 245000 110000
 255000 1110
aes128_table_ecb_bench.dut.SubBytes.b33[7:0]
 0 1100011
 155000 110000
 165000 1011110
 175000 1001010
 185000 11111
 195000 101110
 205000 1010011
 215000 1111101
 225000 100000
 235000 1111100
 245000 100
 255000 10101011
aes128_table_ecb_bench.dut.SubBytes.b32[7:0]
 0 1100011
 155000 11100101
 165000 11010
 175000 10100111
 185000 11001100
 195000 1110101
 205000 1011110
 215000 10001000
 225000 1111000
 235000 10100011
 245000 10101000
 255000 1001110
aes128_table_ecb_bench.dut.SubBytes.b31[7:0]
 0 1100011
 155000 11110001
 175000 10110001
 185000 110111
 195000 1110000
 205000 11101011
 215000 10111111
 225000 1101011
 235000 1010110
 245000 1111110
 255000 10100010
aes128_table_ecb_bench.dut.SubBytes.b30[7:0]
 0 1100011
 155000 10101110
 165000 1011110
 175000 10
 185000 10110
 195000 10110010
 205000 11000000
 215000 11001
 225000 10100
 235000 10100001
 245000 10010011
 255000 10010001
aes128_table_ecb_bench.dut.SubBytes.b23[7:0]
 0 1100011
 155000 1010010
 165000 1011111
 175000 10111111
 185000 111001
 195000 11110
 205000 110
 215000 10101010
 225000 11111
 235000 10110011
 245000 10100100
 255000 10000101
aes128_table_ecb_bench.dut.SubBytes.b22[7:0]
 0 1100011
 155000 1011101
 165000 10000111
 175000 110
 185000 11111111
 195000 1110110
 205000 1001110
 215000 1010001
 225000 111111
 235000 11100000
 245000 1101110
 255000 1100
aes128_table_ecb_bench.dut.SubBytes.b21[7:0]
 0 1100011
 155000 10011000
 165000 10010110
 175000 11101110
 185000 11001011
 195000 110110
 205000 11110010
 215000 1000101
 225000 10010
 235000 101000
 245000 1101011
 255000 1100
aes128_table_ecb_bench.dut.SubBytes.b20[7:0]
 0 1100011
 155000 10001
 165000 10111110
 175000 10000001
 185000 100
 195000 10011110
 205000 10101010
 215000 10001110
 225000 10001010
 235000 11000010
 245000 10001101
 255000 10001000
aes128_table_ecb_bench.dut.SubBytes.b13[7:0]
 0 1100011
 155000 1000001
 165000 110101
 175000 1111011
 185000 11111100
 195000 11001010
 205000 10001000
 215000 101101
 225000 10110010
 235000 10100000
 245000 110001
 255000 111
aes128_table_ecb_bench.dut.SubBytes.b12[7:0]
 0 1100011
 155000 10110100
 165000 111001
 175000 110000
 185000 11111100
 195000 110001
 205000 11000110
 215000 11101001
 225000 1010011
 235000 11011111
 245000 110100
 255000 10101011
aes128_table_ecb_bench.dut.SubBytes.b11[7:0]
 0 1100011
 155000 10111111
 165000 11011011
 175000 1110010
 185000 10111110
 195000 11001100
 205000 110100
 215000 10000001
 225000 11110000
 235000 10101111
 245000 1101101
 255000 1010111
aes128_table_ecb_bench.dut.SubBytes.b10[7:0]
 0 1100011
 155000 11110011
 165000 1010110
 175000 111101
 185000 1101
 195000 11110111
 205000 11001010
 215000 10110110
 225000 11001111
 235000 11111111
 245000 1011011
 255000 10110110
aes128_table_ecb_bench.dut.SubBytes.b03[7:0]
 0 1100011
 155000 11110
 165000 1001101
 175000 11011011
 185000 10001011
 195000 10110100
 205000 100110
 215000 10101000
 225000 1
 235000 1001100
 245000 1011000
 255000 101000
aes128_table_ecb_bench.dut.SubBytes.b02[7:0]
 0 1100011
 155000 10111000
 165000 1111111
 175000 10101001
 185000 10000111
 195000 1110011
 205000 10111
 215000 10011010
 225000 1010101
 235000 10101001
 245000 10101011
 255000 11010110
aes128_table_ecb_bench.dut.SubBytes.b01[7:0]
 0 1100011
 155000 11100000
 165000 1000101
 175000 11110100
 185000 11001011
 195000 1011001
 205000 11000111
 215000 1111101
 225000 101
 235000 10000011
 245000 1010000
 255000 11101110
aes128_table_ecb_bench.dut.SubBytes.b00[7:0]
 0 1100011
 155000 11110001
 165000 101000
 175000 11010111
 185000 0
 195000 11110110
 205000 11000
 215000 10011100
 225000 110101
 235000 100010
 245000 1011
 255000 10111001
aes128_table_ecb_bench.dut.SubBytes.s_box.aij[7:0]
 0 0
 155000 101011
 165000 11101110
 175000 1101
 185000 1010010
 195000 11010110
 205000 110100
 215000 11100
 225000 11011001
 235000 10010100
 245000 10011110
 255000 11011011
aes128_table_ecb_bench.dut.SubWord.a[31:0]
 0 0
 25000 11001111010011110011110000001001
 45000 1101100011101100000010100101010
 55000 1011001111101100111111101110011
 65000 1111010100010000011101101101101
 75000 1011101011010000000011011011
 85000 11111001000101011011110000010001
 95000 100100111111110111001010
 105000 10100110110111000100111101001110
 115000 10001101001010010010111101111111
 125000 1011100000000000110111001010111
 135000 1100011000011001010011010110110
 145000 11001111010011110011110000001001
 155000 1101100011101100000010100101010
 165000 1011001111101100111111101110011
 175000 1111010100010000011101101101101
 185000 1011101011010000000011011011
 195000 11111001000101011011110000010001
 205000 100100111111110111001010
 215000 10100110110111000100111101001110
 225000 10001101001010010010111101111111
 235000 1011100000000000110111001010111
 245000 1100011000011001010011010110110
 255000 11001111010011110011110000001001
aes128_table_ecb_bench.dut.SubWord.b[31:0]
 0 1100011011000110110001101100011
 25000 10001010100001001110101100000001
 45000 1010000001110000110101111100101
 55000 11001011010000101101001010001111
 65000 11011010110001001110001000111100
 75000 101011100101010110001110111001
 85000 10011001010110010110010110000010
 95000 1100011110111000101010001110100
 105000 100100100001101000010000101111
 115000 1011101101001010001010111010010
 125000 1001010011000111001111101011011
 135000 11111011111111100010010001001110
 145000 10001010100001001110101100000001
 155000 1010000001110000110101111100101
 165000 11001011010000101101001010001111
 175000 11011010110001001110001000111100
 185000 101011100101010110001110111001
 195000 10011001010110010110010110000010
 205000 1100011110111000101010001110100
 215000 100100100001101000010000101111
 225000 1011101101001010001010111010010
 235000 1001010011000111001111101011011
 245000 11111011111111100010010001001110
 255000 10001010100001001110101100000001
aes128_table_ecb_bench.dut.SubWord.s_box.aij[7:0]
 0 0
 25000 11001111
 45000 1101100
 55000 1011001
 65000 1111010
 75000 1011
 85000 11111001
 95000 0
 105000 10100110
 115000 10001101
 125000 1011100
 135000 1100011
 145000 11001111
 155000 1101100
 165000 1011001
 175000 1111010
 185000 1011
 195000 11111001
 205000 0
 215000 10100110
 225000 10001101
 235000 1011100
 245000 1100011
 255000 11001111
aes128_table_ecb_bench.dut.iSubWord.a[31:0]
 0 0
 105000 1000011011000110110001101100011
 115000 1110011011000110110001101100011
 125000 1101011011000110110001101100011
 135000 11111111111110111111101100011010
 145000 1010111010111000000000001101110
 155000 1111111100011010010100100101111
 165000 1001110101001101101110001001111
 175000 11001010000000001001001111111101
 185000 10001111110010001010110111100
 195000 11011011000010111010110100000000
 205000 1101101011110101000100000111011
 215000 1110011010110011111011001111111
 225000 101010011011000111011000000101
 235000 1001110011110100111100111100
 245000 10100010001110000101101010110100
 255000 1010111010111000000000001101110
aes128_table_ecb_bench.dut.iSubWord.b[31:0]
 0 1100011011000110110001101100011
 105000 11010111110111111101111111011
 115000 10001111111110111111101111111011
 125000 1111111111110111111101111111011
 135000 10110000011110000111110100010
 145000 1011011010010100110001110011111
 155000 11010010010111011010010100010101
 165000 101111001001001000011010000100
 175000 1110100011000111101110001010100
 185000 10000010100110010101100101100101
 195000 10111001001010111001010101100011
 205000 111100110110101100010011100010
 215000 10001111110010110100001011010010
 225000 11100101010100000011100001101011
 235000 1100010101000010011101011
 245000 111010000001111011111010001101
 255000 1011011010010100110001110011111
aes128_table_ecb_bench.dut.iSubWord.s_box.aij[7:0]
 0 0
 105000 1000011
 115000 1110011
 125000 1101011
 135000 11111111
 145000 1010111
 155000 1111111
 165000 1001110
 175000 11001010
 185000 10001
 195000 11011011
 205000 1101101
 215000 1110011
 225000 101010
 235000 1001
 245000 10100010
 255000 1010111
