sig_key,width,toggles
RSA_tb.clkk,1,0
RSA_tb.hahaha,1,0
RSA_tb.rstt,1,0
RSA_tb.Mvld,1,2
RSA_tb.Kvld,1,2
RSA_tb.Dvld,1,2
RSA_tb.Dout[31:0],32,140628 106892 152208 162375 178991 119739 183391 146186 157603 164337 116136 141352 147121 140263 133994 172799 134334 152717 122856 155052 137594 140613 196257 177315 115488 170160 98744 146802 183651 140442 139415 196401
RSA_tb.BSY,1,6
RSA_tb.ANS_OUT,1,1
RSA_tb.CLK,1,3612846
RSA_tb.Din[31:0],32,4 5 3 2 2 4 4 4 4 2 4 2 2 2 3 4 4 5 6 3 7 3 5 4 5 5 4 3 6 6 5 4
RSA_tb.Drdy,1,2
RSA_tb.Kin[31:0],32,4 6 3 2 2 4 4 5 2 5 5 5 4 3 4 7 5 4 4 4 4 6 5 5 5 4 4 6 3 5 4 3
RSA_tb.Krdy,1,2
RSA_tb.Min[31:0],32,4 2 4 3 5 1 5 4 3 5 4 4 3 3 4 5 4 3 2 4 4 3 5 5 4 6 2 4 5 4 3 5
RSA_tb.Mrdy,1,2
RSA_tb.RSTn,1,1
RSA_tb.RSA.CLK,1,3612846
RSA_tb.RSA.Din[31:0],32,4 5 3 2 2 4 4 4 4 2 4 2 2 2 3 4 4 5 6 3 7 3 5 4 5 5 4 3 6 6 5 4
RSA_tb.RSA.Dout[31:0],32,140628 106892 152208 162375 178991 119739 183391 146186 157603 164337 116136 141352 147121 140263 133994 172799 134334 152717 122856 155052 137594 140613 196257 177315 115488 170160 98744 146802 183651 140442 139415 196401
RSA_tb.RSA.Drdy,1,2
RSA_tb.RSA.EN,1,0
RSA_tb.RSA.Kin[31:0],32,4 6 3 2 2 4 4 5 2 5 5 5 4 3 4 7 5 4 4 4 4 6 5 5 5 4 4 6 3 5 4 3
RSA_tb.RSA.Krdy,1,2
RSA_tb.RSA.Min[31:0],32,4 2 4 3 5 1 5 4 3 5 4 4 3 3 4 5 4 3 2 4 4 3 5 5 4 6 2 4 5 4 3 5
RSA_tb.RSA.Mrdy,1,2
RSA_tb.RSA.RSTn,1,1
RSA_tb.RSA.w_data[31:0],32,243044 244003 247285 251267 250579 251607 248231 251826 249207 251607 247984 247582 252609 247721 248119 251221 248668 251772 247876 251569 251689 248816 251340 249015 247485 248465 247492 249683 241203 240488 232086 219553
RSA_tb.RSA.v,1,124668
RSA_tb.RSA.state[2:0],3,5 4 3
RSA_tb.RSA.sign,1,96012
RSA_tb.RSA.r_data_s[31:0],32,132581 133303 136389 136412 136312 136420 137100 137239 137632 137094 136727 136853 137510 137156 136153 136524 136875 137068 137617 136825 137021 137168 136798 137262 137143 137697 136683 139387 136880 136825 125684 124668
RSA_tb.RSA.r_data_m[31:0],32,140628 106892 152208 162375 178991 119739 183391 146186 157603 164337 116136 141352 147121 140263 133994 172799 134334 152717 122856 155052 137594 140613 196257 177315 115488 170160 98744 146802 183651 140442 139415 196401
RSA_tb.RSA.r_data1[31:0],32,138527 121397 145081 150252 156472 129840 159958 140647 148312 149838 126559 138857 143078 140242 135571 154062 135559 144900 131977 146769 137283 139176 165970 156670 126373 152925 118629 144407 159892 139873 132462 159258
RSA_tb.RSA.r_data0[31:0],32,134680 118796 143514 148533 158829 126317 160531 142776 146921 151591 126302 139346 141551 137175 134574 155259 135648 144883 128494 145106 137330 138603 167083 157905 126256 154930 116796 141780 160637 137392 132635 161809
RSA_tb.RSA.key_bit,1,126
RSA_tb.RSA.d_out[31:0],32,243029 243991 247269 251257 250565 251597 248215 251811 249193 251597 247971 247569 252599 247709 248107 251207 248651 251757 247859 251557 251673 248803 251323 249001 247471 248447 247479 249669 241185 240471 232071 219537
RSA_tb.RSA.d_in[31:0],32,8 7 7 5 7 5 9 8 7 7 8 6 5 5 7 9 8 8 8 7 11 6 10 9 9 11 6 7 11 10 8 9
RSA_tb.RSA.count[4:0],5,16 24 40 64 128
RSA_tb.RSA.Mvld,1,2
RSA_tb.RSA.MemSel,1,372
RSA_tb.RSA.MemCon_s[8:0],9,1605542 183326 99798 163222 194284 385036 766540 1175086 872732
RSA_tb.RSA.MemCon_o[8:0],9,0 0 0 0 8 16 32 64 128
RSA_tb.RSA.MemCon_m[8:0],9,161806 1604064 895144 414718 842936 846468 853532 901698 929952
RSA_tb.RSA.MemCon_i[8:0],9,0 0 2 2 8 16 32 64 128
RSA_tb.RSA.MemCon1[8:0],9,883618 893734 465728 277080 503238 600386 794682 1023062 885038
RSA_tb.RSA.MemCon0[8:0],9,883738 893668 529218 300864 533994 631142 825438 1053818 917838
RSA_tb.RSA.MBCon[30:16],15,1628422 49126 1627676 48106 160260 2 1676520 2 136640 47362 57610 48104 2 65536 56578
RSA_tb.RSA.Kvld,1,2
RSA_tb.RSA.InOutMem[1:0],2,6 2
RSA_tb.RSA.EnKey,1,2048
RSA_tb.RSA.Dvld,1,2
RSA_tb.RSA.DSel[1:0],2,4 2
RSA_tb.RSA.BSY,1,6
RSA_tb.RSA.Krg[1023:0],1024,126 128 126 124 124 126 126 128 124 128 128 128 126 126 126 130 128 126 126 126 126 128 128 128 128 126 126 128 126 128 126 126 126 128 126 124 124 126 126 128 124 128 128 128 126 126 126 130 128 126 126 126 126 128 128 128 128 126 126 128 126 128 126 126 126 128 126 124 124 126 126 128 124 128 128 128 126 126 126 130 128 126 126 126 126 128 128 128 128 126 126 128 126 128 126 126 126 128 126 124 124 126 126 128 124 128 128 128 126 126 126 130 128 126 126 126 126 128 128 128 128 126 126 128 126 128 126 126 126 128 126 124 124 126 126 128 124 128 128 128 126 126 126 130 128 126 126 126 126 128 128 128 128 126 126 128 126 128 126 126 126 128 126 124 124 126 126 128 124 128 128 128 126 126 126 130 128 126 126 126 126 128 128 128 128 126 126 128 126 128 126 126 126 128 126 124 124 126 126 128 124 128 128 128 126 126 126 130 128 126 126 126 126 128 128 128 128 126 126 128 126 128 126 126 126 128 126 124 124 126 126 128 124 128 128 128 126 126 126 130 128 126 126 126 126 128 128 128 128 126 126 128 126 128 126 126 126 128 126 124 124 126 126 128 124 128 128 128 126 126 126 130 128 126 126 126 126 128 128 128 128 126 126 128 126 128 126 126 126 128 126 124 124 126 126 128 124 128 128 128 126 126 126 130 128 126 126 126 126 128 128 128 128 126 126 128 126 128 126 126 126 128 126 124 124 126 126 128 124 128 128 128 126 126 126 130 128 126 126 126 126 128 128 128 128 126 126 128 126 128 126 126 126 128 126 124 124 126 126 128 124 128 128 128 126 126 126 130 128 126 126 126 126 128 128 128 128 126 126 128 126 128 126 126 126 128 126 124 124 126 126 128 124 128 128 128 126 126 126 130 128 126 126 126 126 128 128 128 128 126 126 128 126 128 126 126 126 128 126 124 124 126 126 128 124 128 128 128 126 126 126 130 128 126 126 126 126 128 128 128 128 126 126 128 126 128 126 126 126 128 126 124 124 126 126 128 124 128 128 128 126 126 126 130 128 126 126 126 126 128 128 128 128 126 126 128 126 128 126 126 126 128 126 124 124 126 126 128 124 128 128 128 126 126 126 130 128 126 126 126 126 128 128 128 128 126 126 128 126 128 126 126 126 128 126 124 124 126 126 128 124 128 128 128 126 126 126 130 128 126 126 126 126 128 128 128 128 126 126 128 126 128 126 126 126 128 126 124 124 126 126 128 124 128 128 128 126 126 126 130 128 126 126 126 126 128 128 128 128 126 126 128 126 128 126 126 126 128 126 124 124 126 126 128 124 128 128 128 126 126 126 130 128 126 126 126 126 128 128 128 128 126 126 128 126 128 126 126 126 128 126 124 124 126 126 128 124 128 128 128 126 126 126 130 128 126 126 126 126 128 128 128 128 126 126 128 126 128 126 126 126 128 126 124 124 126 126 128 124 128 128 128 126 126 126 130 128 126 126 126 126 128 128 128 128 126 126 128 126 128 126 126 126 128 126 124 124 126 126 128 124 128 128 128 126 126 126 130 128 126 126 126 126 128 128 128 128 126 126 128 126 128 126 126 126 128 126 124 124 126 126 128 124 128 128 128 126 126 126 130 128 126 126 126 126 128 128 128 128 126 126 128 126 128 126 126 126 128 126 124 124 126 126 128 124 128 128 128 126 126 126 130 128 126 126 126 126 128 128 128 128 126 126 128 126 128 126 126 126 127 126 124 124 126 126 127 123 127 127 127 126 126 126 129 127 125 125 126 125 127 127 127 128 125 126 127 125 128 126 126 126 126 126 124 124 126 125 126 122 126 126 126 126 126 126 128 127 124 124 125 124 126 127 127 128 124 126 127 125 127 125 126 125 126 126 124 124 125 124 125 122 125 126 125 126 125 125 127 126 124 124 124 124 125 126 126 127 124 125 126 125 127 124 126 124 125 125 124 124 125 124 124 122 125 126 124 125 124 125 126 126 124 124 124 123 124 125 126 126 124 125 125 125 126 124 125 124 124 125 124 123 124 123 124 122 125 125 124 125 123 124 125 126 123 124 123 123 124 124 126 125 123 124 124 125 125 124 124 124 124 124 124 123 123 122 124 122 124 124 124 124 123 123 124 125 123 123 123 123 124 124 125 125 123 123 123 124 125 123 123 123 123 124 123 122 123 122 124 122 123 124 123 123 123 123 123 124 123 123 123 122 123 124 124 124 123 123 123 123 124 122 123 122 122 123 122 122 122 122 123 122 123 123 123 122 123 122 123 123 122 122 122 122 122 123 123 123 122 122 122 123 123 122 123
RSA_tb.RSA.mux2_1_32.Sel,1,372
RSA_tb.RSA.mux2_1_32.a[31:0],32,138527 121397 145081 150252 156472 129840 159958 140647 148312 149838 126559 138857 143078 140242 135571 154062 135559 144900 131977 146769 137283 139176 165970 156670 126373 152925 118629 144407 159892 139873 132462 159258
RSA_tb.RSA.mux2_1_32.b[31:0],32,134680 118796 143514 148533 158829 126317 160531 142776 146921 151591 126302 139346 141551 137175 134574 155259 135648 144883 128494 145106 137330 138603 167083 157905 126256 154930 116796 141780 160637 137392 132635 161809
RSA_tb.RSA.mux3_1_32.Sel[1:0],2,4 2
RSA_tb.RSA.mux3_1_32.a[31:0],32,243029 243991 247269 251257 250565 251597 248215 251811 249193 251597 247971 247569 252599 247709 248107 251207 248651 251757 247859 251557 251673 248803 251323 249001 247471 248447 247479 249669 241185 240471 232071 219537
RSA_tb.RSA.mux3_1_32.b[31:0],32,140628 106892 152208 162375 178991 119739 183391 146186 157603 164337 116136 141352 147121 140263 133994 172799 134334 152717 122856 155052 137594 140613 196257 177315 115488 170160 98744 146802 183651 140442 139415 196401
RSA_tb.RSA.mux3_1_32.c[31:0],32,8 7 7 5 7 5 9 8 7 7 8 6 5 5 7 9 8 8 8 7 11 6 10 9 9 11 6 7 11 10 8 9
RSA_tb.RSA.mux3_1_9.Sel[2:0],3,374 6 2
RSA_tb.RSA.mux3_1_9.a[8:0],9,1605542 183326 99798 163222 194284 385036 766540 1175086 872732
RSA_tb.RSA.mux3_1_9.b[8:0],9,161806 1604064 895144 414718 842936 846468 853532 901698 929952
RSA_tb.RSA.mux3_1_9.c[8:0],9,0 0 2 2 8 16 32 64 128
RSA_tb.RSA.mux3_1_9.d[8:0],9,0 0 0 0 8 16 32 64 128
RSA_tb.RSA.MEM0.A[6:0],7,583100 354988 581242 678390 860846 1065542 917838
RSA_tb.RSA.MEM0.CEN,1,920940
RSA_tb.RSA.MEM0.CLK,1,3612846
RSA_tb.RSA.MEM0.D[31:0],32,243044 244003 247285 251267 250579 251607 248231 251826 249207 251607 247984 247582 252609 247721 248119 251221 248668 251772 247876 251569 251689 248816 251340 249015 247485 248465 247492 249683 241203 240488 232086 219553
RSA_tb.RSA.MEM0.MemR,1,1652102
RSA_tb.RSA.MEM0.MemW,1,859318
RSA_tb.RSA.MEM0.WEN,1,859318
RSA_tb.RSA.MEM0.Q[31:0],32,134680 118796 143514 148533 158829 126317 160531 142776 146921 151591 126302 139346 141551 137175 134574 155259 135648 144883 128494 145106 137330 138603 167083 157905 126256 154930 116796 141780 160637 137392 132635 161809
RSA_tb.RSA.MEM1.A[6:0],7,520330 331948 550438 647586 830042 1034740 885038
RSA_tb.RSA.MEM1.CEN,1,920944
RSA_tb.RSA.MEM1.CLK,1,3612846
RSA_tb.RSA.MEM1.D[31:0],32,243044 244003 247285 251267 250579 251607 248231 251826 249207 251607 247984 247582 252609 247721 248119 251221 248668 251772 247876 251569 251689 248816 251340 249015 247485 248465 247492 249683 241203 240488 232086 219553
RSA_tb.RSA.MEM1.MemR,1,1652226
RSA_tb.RSA.MEM1.MemW,1,859196
RSA_tb.RSA.MEM1.WEN,1,859196
RSA_tb.RSA.MEM1.Q[31:0],32,138527 121397 145081 150252 156472 129840 159958 140647 148312 149838 126559 138857 143078 140242 135571 154062 135559 144900 131977 146769 137283 139176 165970 156670 126373 152925 118629 144407 159892 139873 132462 159258
RSA_tb.RSA.MULT_BLK.CLK,1,3612846
RSA_tb.RSA.MULT_BLK.RSTn,1,1
RSA_tb.RSA.MULT_BLK.d_in0[31:0],32,140628 106892 152208 162375 178991 119739 183391 146186 157603 164337 116136 141352 147121 140263 133994 172799 134334 152717 122856 155052 137594 140613 196257 177315 115488 170160 98744 146802 183651 140442 139415 196401
RSA_tb.RSA.MULT_BLK.d_in1[31:0],32,132581 133303 136389 136412 136312 136420 137100 137239 137632 137094 136727 136853 137510 137156 136153 136524 136875 137068 137617 136825 137021 137168 136798 137262 137143 137697 136683 139387 136880 136825 125684 124668
RSA_tb.RSA.MULT_BLK.z[32:0],33,33038 136340 136746 139382 140060 139892 139962 140692 140928 141236 140698 140312 140302 141288 140432 139750 140044 140372 140844 141276 140208 140752 140814 140422 140922 140042 140554 140274 139864 140564 140680 140454 164822
RSA_tb.RSA.MULT_BLK.y[31:0],32,119529 84783 128519 111771 152769 93803 145331 129015 118669 138353 105169 120923 121317 112485 113723 146959 122585 126823 102943 114423 120675 112961 145875 138259 104913 147409 87571 121365 144857 120271 111605 145629
RSA_tb.RSA.MULT_BLK.x[31:0],32,34169 34277 34057 34109 33877 34007 34383 33973 34193 34279 34293 34177 34209 34121 34189 34081 34281 34081 34281 34023 34087 34215 34153 34125 33983 34101 34067 33919 34203 34051 34123 33311
RSA_tb.RSA.MULT_BLK.sign,1,96012
RSA_tb.RSA.MULT_BLK.regz_out[31:0],32,132072 132754 135436 135950 135760 135872 136536 136734 137056 136632 136042 136252 137128 136488 135638 135926 136282 136606 137166 136092 136552 136710 136298 136772 135990 136524 136174 135760 136294 136156 136884 135624
RSA_tb.RSA.MULT_BLK.regy_in[31:0],32,189920 159698 201466 212389 225461 173307 229639 195234 207401 210821 165404 190630 197185 190059 183304 219311 183610 202765 175710 204100 186622 190407 242753 223613 164756 215920 151586 196010 229949 189708 189231 242855
RSA_tb.RSA.MULT_BLK.regx_in[31:0],32,232508 212698 252284 227883 259181 200673 242853 257480 228351 254007 234534 241946 239767 225427 234560 256491 243584 236445 218186 243516 249134 226309 261893 242581 225508 264820 222090 238230 245905 229792 216457 264333
RSA_tb.RSA.MULT_BLK.regc_in[31:0],32,98048 108740 114338 123504 129026 137324 136722 140518 141628 142016 141352 141258 141244 141238 141670 141370 141694 140714 141670 141272 141368 141166 141220 141384 141738 141838 142786 144492 147186 152292 148070 184592
RSA_tb.RSA.MULT_BLK.q[63:0],64,37344 47672 53554 62672 68156 76470 75824 79652 80752 81142 80486 80376 80364 80376 80772 80508 80814 79840 80796 80394 80496 80306 80348 80512 80866 80956 81904 83618 86318 91434 119566 146676 229815 231027 234067 238267 237379 238359 235009 238839 236223 238617 234721 234365 239613 234529 234899 238219 235405 238803 234637 238301 238697 235585 238387 236027 234521 235499 234569 236755 228337 227627 219349 219057
RSA_tb.RSA.MULT_BLK.d_out[31:0],32,243029 243991 247269 251257 250565 251597 248215 251811 249193 251597 247971 247569 252599 247709 248107 251207 248651 251757 247859 251557 251673 248803 251323 249001 247471 248447 247479 249669 241185 240471 232071 219537
RSA_tb.RSA.MULT_BLK.c[31:0],32,54132 64478 70038 78884 84250 92382 91688 95432 96536 96786 96386 96250 96136 96074 96512 96324 96376 95948 96364 96140 96394 96250 96022 96174 96278 96068 96316 96482 96586 96128 95106 96012
RSA_tb.RSA.MULT_BLK.Con[30:16],15,1628422 49126 1627676 48106 160260 2 1676520 2 136640 47362 57610 48104 2 65536 56578
RSA_tb.RSA.MULT_BLK.exor.Inv,1,56578
RSA_tb.RSA.MULT_BLK.exor.d[31:0],32,140628 106892 152208 162375 178991 119739 183391 146186 157603 164337 116136 141352 147121 140263 133994 172799 134334 152717 122856 155052 137594 140613 196257 177315 115488 170160 98744 146802 183651 140442 139415 196401
RSA_tb.RSA.MULT_BLK.exor.i[31:0],32,0 0 0 0 0 0 0 0 0 0 0 0 0 0 0 0 0 0 0 0 0 0 0 0 0 0 0 0 0 0 0 0
RSA_tb.RSA.MULT_BLK.mux2_1.Sel,1,48606
RSA_tb.RSA.MULT_BLK.mux2_1.a[31:0],32,202214 169378 203282 205801 212377 170307 225401 191074 205569 202809 179390 201916 190091 188091 197476 208981 190152 191935 188036 202782 184804 187203 230201 222619 178188 223802 164616 201920 225989 201572 188885 229007
RSA_tb.RSA.MULT_BLK.mux2_1.b[31:0],32,243373 246543 248563 246255 246037 245799 250435 246351 250747 246481 250063 249975 246859 250151 250769 245973 249767 246349 250313 246709 246349 250149 246699 250377 249883 250555 249469 250693 243843 244443 228555 224105
RSA_tb.RSA.MULT_BLK.mux2_1_shift.Sel,1,65536
RSA_tb.RSA.MULT_BLK.mux2_1_shift.a[31:0],32,132072 132754 135436 135950 135760 135872 136536 136734 137056 136632 136042 136252 137128 136488 135638 135926 136282 136606 137166 136092 136552 136710 136298 136772 135990 136524 136174 135760 136294 136156 136884 135624
RSA_tb.RSA.MULT_BLK.mux3_1.Sel[1:0],2,0 0
RSA_tb.RSA.MULT_BLK.mux3_1.a[31:0],32,0 0 0 0 0 0 0 0 0 0 0 0 0 0 0 0 0 0 0 0 0 0 0 0 0 0 0 0 0 0 0 0
RSA_tb.RSA.MULT_BLK.mux3_1.b[31:0],32,0 0 0 0 0 0 0 0 0 0 0 0 0 0 0 0 0 0 0 0 0 0 0 0 0 0 0 0 0 0 0 0
RSA_tb.RSA.MULT_BLK.mux3_1.c[31:0],32,0 0 0 0 0 0 0 0 0 0 0 0 0 0 0 0 0 0 0 0 0 0 0 0 0 0 0 0 0 0 0 0
RSA_tb.RSA.MULT_BLK.mux4_1.Sel[1:0],2,160260 47362
RSA_tb.RSA.MULT_BLK.mux4_1.a[31:0],32,140628 106892 152208 162375 178991 119739 183391 146186 157603 164337 116136 141352 147121 140263 133994 172799 134334 152717 122856 155052 137594 140613 196257 177315 115488 170160 98744 146802 183651 140442 139415 196401
RSA_tb.RSA.MULT_BLK.mux4_1.b[31:0],32,242535 243747 246787 250987 250099 251079 247729 251559 248943 251337 247441 247085 252333 247249 247619 250939 248125 251523 247357 251021 251417 248305 251107 248747 247241 248219 247289 249475 241057 240347 232069 219057
RSA_tb.RSA.MULT_BLK.mux4_1.c[31:0],32,0 0 0 0 0 0 0 0 0 0 0 0 0 0 0 0 0 0 0 0 0 0 0 0 0 0 0 0 0 0 0 0
RSA_tb.RSA.MULT_BLK.mux4_1.d[31:0],32,132581 133303 136389 136412 136312 136420 137100 137239 137632 137094 136727 136853 137510 137156 136153 136524 136875 137068 137617 136825 137021 137168 136798 137262 137143 137697 136683 139387 136880 136825 125684 124668
RSA_tb.RSA.MULT_BLK.ArithCore.z[32:0],33,33038 136340 136746 139382 140060 139892 139962 140692 140928 141236 140698 140312 140302 141288 140432 139750 140044 140372 140844 141276 140208 140752 140814 140422 140922 140042 140554 140274 139864 140564 140680 140454 164822
RSA_tb.RSA.MULT_BLK.ArithCore.y[31:0],32,119529 84783 128519 111771 152769 93803 145331 129015 118669 138353 105169 120923 121317 112485 113723 146959 122585 126823 102943 114423 120675 112961 145875 138259 104913 147409 87571 121365 144857 120271 111605 145629
RSA_tb.RSA.MULT_BLK.ArithCore.x[31:0],32,34169 34277 34057 34109 33877 34007 34383 33973 34193 34279 34293 34177 34209 34121 34189 34081 34281 34081 34281 34023 34087 34215 34153 34125 33983 34101 34067 33919 34203 34051 34123 33311
RSA_tb.RSA.MULT_BLK.ArithCore.q[63:0],64,37344 47672 53554 62672 68156 76470 75824 79652 80752 81142 80486 80376 80364 80376 80772 80508 80814 79840 80796 80394 80496 80306 80348 80512 80866 80956 81904 83618 86318 91434 119566 146676 229815 231027 234067 238267 237379 238359 235009 238839 236223 238617 234721 234365 239613 234529 234899 238219 235405 238803 234637 238301 238697 235585 238387 236027 234521 235499 234569 236755 228337 227627 219349 219057
RSA_tb.RSA.MULT_BLK.ArithCore.c[31:0],32,54132 64478 70038 78884 84250 92382 91688 95432 96536 96786 96386 96250 96136 96074 96512 96324 96376 95948 96364 96140 96394 96250 96022 96174 96278 96068 96316 96482 96586 96128 95106 96012
RSA_tb.RSA.MULT_BLK.REG_C.CLK,1,3612846
RSA_tb.RSA.MULT_BLK.REG_C.En,1,1628422
RSA_tb.RSA.MULT_BLK.REG_C.RSTn,1,1
RSA_tb.RSA.MULT_BLK.REG_C.Rst,1,49126
RSA_tb.RSA.MULT_BLK.REG_C.d[31:0],32,98048 108740 114338 123504 129026 137324 136722 140518 141628 142016 141352 141258 141244 141238 141670 141370 141694 140714 141670 141272 141368 141166 141220 141384 141738 141838 142786 144492 147186 152292 148070 184592
RSA_tb.RSA.MULT_BLK.REG_C.q[31:0],32,54132 64478 70038 78884 84250 92382 91688 95432 96536 96786 96386 96250 96136 96074 96512 96324 96376 95948 96364 96140 96394 96250 96022 96174 96278 96068 96316 96482 96586 96128 95106 96012
RSA_tb.RSA.MULT_BLK.REG_X.CLK,1,3612846
RSA_tb.RSA.MULT_BLK.REG_X.En,1,160260
RSA_tb.RSA.MULT_BLK.REG_X.RSTn,1,1
RSA_tb.RSA.MULT_BLK.REG_X.Rst,1,2
RSA_tb.RSA.MULT_BLK.REG_X.d[31:0],32,232508 212698 252284 227883 259181 200673 242853 257480 228351 254007 234534 241946 239767 225427 234560 256491 243584 236445 218186 243516 249134 226309 261893 242581 225508 264820 222090 238230 245905 229792 216457 264333
RSA_tb.RSA.MULT_BLK.REG_X.q[31:0],32,34169 34277 34057 34109 33877 34007 34383 33973 34193 34279 34293 34177 34209 34121 34189 34081 34281 34081 34281 34023 34087 34215 34153 34125 33983 34101 34067 33919 34203 34051 34123 33311
RSA_tb.RSA.MULT_BLK.REG_Y.CLK,1,3612846
RSA_tb.RSA.MULT_BLK.REG_Y.En,1,1676520
RSA_tb.RSA.MULT_BLK.REG_Y.RSTn,1,1
RSA_tb.RSA.MULT_BLK.REG_Y.Rst,1,2
RSA_tb.RSA.MULT_BLK.REG_Y.d[31:0],32,189920 159698 201466 212389 225461 173307 229639 195234 207401 210821 165404 190630 197185 190059 183304 219311 183610 202765 175710 204100 186622 190407 242753 223613 164756 215920 151586 196010 229949 189708 189231 242855
RSA_tb.RSA.MULT_BLK.REG_Y.q[31:0],32,119529 84783 128519 111771 152769 93803 145331 129015 118669 138353 105169 120923 121317 112485 113723 146959 122585 126823 102943 114423 120675 112961 145875 138259 104913 147409 87571 121365 144857 120271 111605 145629
RSA_tb.RSA.MULT_BLK.REG_Z.CLK,1,3612846
RSA_tb.RSA.MULT_BLK.REG_Z.En,1,1627676
RSA_tb.RSA.MULT_BLK.REG_Z.RSTn,1,1
RSA_tb.RSA.MULT_BLK.REG_Z.Rst,1,48106
RSA_tb.RSA.MULT_BLK.REG_Z.d[31:0],32,132581 133303 136389 136412 136312 136420 137100 137239 137632 137094 136727 136853 137510 137156 136153 136524 136875 137068 137617 136825 137021 137168 136798 137262 137143 137697 136683 139387 136880 136825 125684 124668
RSA_tb.RSA.MULT_BLK.REG_Z.q[31:0],32,132072 132754 135436 135950 135760 135872 136536 136734 137056 136632 136042 136252 137128 136488 135638 135926 136282 136606 137166 136092 136552 136710 136298 136772 135990 136524 136174 135760 136294 136156 136884 135624
RSA_tb.RSA.SEQ_BLK.BSY,1,6
RSA_tb.RSA.SEQ_BLK.CLK,1,3612846
RSA_tb.RSA.SEQ_BLK.Drdy,1,2
RSA_tb.RSA.SEQ_BLK.Dvld,1,2
RSA_tb.RSA.SEQ_BLK.EN,1,0
RSA_tb.RSA.SEQ_BLK.Fin,1,750
RSA_tb.RSA.SEQ_BLK.Krdy,1,2
RSA_tb.RSA.SEQ_BLK.Kvld,1,2
RSA_tb.RSA.SEQ_BLK.MemSel,1,372
RSA_tb.RSA.SEQ_BLK.Mrdy,1,2
RSA_tb.RSA.SEQ_BLK.Mvld,1,2
RSA_tb.RSA.SEQ_BLK.Pc_MM,1,510
RSA_tb.RSA.SEQ_BLK.RSTn,1,1
RSA_tb.RSA.SEQ_BLK.key_bit,1,126
RSA_tb.RSA.SEQ_BLK.sign,1,96012
RSA_tb.RSA.SEQ_BLK.v,1,124668
RSA_tb.RSA.SEQ_BLK.jp1[4:0],5,112394 162546 262850 413306 815328
RSA_tb.RSA.SEQ_BLK.jj[4:0],5,100303 150455 250759 401215 802431
RSA_tb.RSA.SEQ_BLK.j[4:0],5,100304 150456 250760 401216 802432
RSA_tb.RSA.SEQ_BLK.i[9:0],10,748 750 754 762 1522 1554 2362 3978 6464 12928
RSA_tb.RSA.SEQ_BLK.ad_s[6:0],7,193038 256462 287524 478276 836100 1198024 872732
RSA_tb.RSA.SEQ_BLK.ad_m[6:0],7,910384 430466 844140 847672 854736 902162 929952
RSA_tb.RSA.SEQ_BLK.Start_O,1,2
RSA_tb.RSA.SEQ_BLK.Start_MR,1,2
RSA_tb.RSA.SEQ_BLK.Start_MM,1,740
RSA_tb.RSA.SEQ_BLK.Start_IN,1,2
RSA_tb.RSA.SEQ_BLK.Start_C,1,2
RSA_tb.RSA.SEQ_BLK.Pc[11:0],12,4 4 4 2050 1542 232 510 2050 4 4 2 2
RSA_tb.RSA.SEQ_BLK.MemCon_s[8:0],9,1605542 183326 99798 163222 194284 385036 766540 1175086 872732
RSA_tb.RSA.SEQ_BLK.MemCon_m[8:0],9,161806 1604064 895144 414718 842936 846468 853532 901698 929952
RSA_tb.RSA.SEQ_BLK.MBCon[30:16],15,1628422 49126 1627676 48106 160260 2 1676520 2 136640 47362 57610 48104 2 65536 56578
RSA_tb.RSA.SEQ_BLK.Hlt_O,1,2
RSA_tb.RSA.SEQ_BLK.Hlt_MR,1,2
RSA_tb.RSA.SEQ_BLK.Hlt_MM,1,740
RSA_tb.RSA.SEQ_BLK.Hlt_IN,1,2
RSA_tb.RSA.SEQ_BLK.Hlt_C,1,2
RSA_tb.RSA.SEQ_BLK.Hlt,1,2
RSA_tb.RSA.SEQ_BLK.EnKey,1,2048
RSA_tb.RSA.SEQ_BLK.DSel[1:0],2,4 2
RSA_tb.RSA.SEQ_BLK.Cy_r,1,51918
RSA_tb.RSA.SEQ_BLK.Cy_mr,1,4
RSA_tb.RSA.SEQ_BLK.Cy_m,1,51918
RSA_tb.RSA.SEQ_BLK.Con_O[30:0],31,2 2 0 0 0 0 0 0 0 0 2 4 0 0 0 4 4 0 0 0 0 4 2 0 0 0 0 4 0 0 0
RSA_tb.RSA.SEQ_BLK.Con_MR[30:0],31,65538 1022 65536 2 65536 2 65536 2 65536 0 33926 0 0 65536 32896 65536 67584 65536 67584 2048 4 65536 2050 0 2048 0 65536 65536 0 0 67584
RSA_tb.RSA.SEQ_BLK.Con_MM[30:0],31,1562880 48100 1562140 48100 94720 0 1610980 0 71040 47360 23680 48100 0 0 23680 47360 1587300 1539940 119140 23680 1480 1539200 96200 0 23680 1572220 828800 1554280 876900 828800 759240
RSA_tb.RSA.SEQ_BLK.Con_IN[30:0],31,2 2 0 4 4 0 4 0 64 2 2 0 2 0 2 64 66 2 66 64 4 0 4 0 64 0 66 64 0 66 2
RSA_tb.RSA.SEQ_BLK.Con_C[30:0],31,0 0 0 0 0 0 0 0 0 0 0 0 0 0 0 0 64 64 64 64 4 64 4 0 0 0 0 64 0 0 0
RSA_tb.RSA.SEQ_BLK.Con[30:0],31,1628422 49126 1627676 48106 160260 2 1676520 2 136640 47362 57610 48104 2 65536 56578 112964 1655018 1605542 186854 25856 1492 1604804 98260 0 25792 1572220 894402 1619948 876900 828866 826826
RSA_tb.RSA.SEQ_BLK.BSYrg,1,6
RSA_tb.RSA.SEQ_BLK.Dvldrg,1,2
RSA_tb.RSA.SEQ_BLK.InOutMem[1:0],2,6 2
RSA_tb.RSA.SEQ_BLK.Kvldrg,1,1
RSA_tb.RSA.SEQ_BLK.Kvldrg_tmp,1,2
RSA_tb.RSA.SEQ_BLK.Mvldrg,1,1
RSA_tb.RSA.SEQ_BLK.Mvldrg_tmp,1,2
RSA_tb.RSA.SEQ_BLK.Rst,1,2
RSA_tb.RSA.SEQ_BLK.Start,1,2
RSA_tb.RSA.SEQ_BLK.count[4:0],5,16 24 40 64 128
RSA_tb.RSA.SEQ_BLK.exp,1,122
RSA_tb.RSA.SEQ_BLK.msb,1,2
RSA_tb.RSA.SEQ_BLK.s,1,370
RSA_tb.RSA.SEQ_BLK.state[2:0],3,5 4 3
RSA_tb.RSA.SEQ_BLK.mux5_1.Sel[4:0],5,510 512 512 512 510
RSA_tb.RSA.SEQ_BLK.mux5_1.a[30:0],31,1562880 48100 1562140 48100 94720 0 1610980 0 71040 47360 23680 48100 0 0 23680 47360 1587300 1539940 119140 23680 1480 1539200 96200 0 23680 1572220 828800 1554280 876900 828800 759240
RSA_tb.RSA.SEQ_BLK.mux5_1.b[30:0],31,65538 1022 65536 2 65536 2 65536 2 65536 0 33926 0 0 65536 32896 65536 67584 65536 67584 2048 4 65536 2050 0 2048 0 65536 65536 0 0 67584
RSA_tb.RSA.SEQ_BLK.mux5_1.c[30:0],31,2 2 0 4 4 0 4 0 64 2 2 0 2 0 2 64 66 2 66 64 4 0 4 0 64 0 66 64 0 66 2
RSA_tb.RSA.SEQ_BLK.mux5_1.d[30:0],31,0 0 0 0 0 0 0 0 0 0 0 0 0 0 0 0 64 64 64 64 4 64 4 0 0 0 0 64 0 0 0
RSA_tb.RSA.SEQ_BLK.mux5_1.e[30:0],31,2 2 0 0 0 0 0 0 0 0 2 4 0 0 0 4 4 0 0 0 0 4 2 0 0 0 0 4 0 0 0
RSA_tb.RSA.SEQ_BLK.Cp_SEQ.CLK,1,3612846
RSA_tb.RSA.SEQ_BLK.Cp_SEQ.RSTn,1,1
RSA_tb.RSA.SEQ_BLK.Cp_SEQ.Start,1,2
RSA_tb.RSA.SEQ_BLK.Cp_SEQ.Hlt,1,2
RSA_tb.RSA.SEQ_BLK.Cp_SEQ.Cy_m,1,51918
RSA_tb.RSA.SEQ_BLK.Cp_SEQ.Con[30:0],31,0 0 0 0 0 0 0 0 0 0 0 0 0 0 0 0 64 64 64 64 4 64 4 0 0 0 0 64 0 0 0
RSA_tb.RSA.SEQ_BLK.Cp_SEQ.pc[3:0],4,4 66 64 2
RSA_tb.RSA.SEQ_BLK.Cp_SEQ.decoder.pc[3:0],4,4 66 64 2
RSA_tb.RSA.SEQ_BLK.INVN_SEQ.CLK,1,3612846
RSA_tb.RSA.SEQ_BLK.INVN_SEQ.RSTn,1,1
RSA_tb.RSA.SEQ_BLK.INVN_SEQ.Start,1,2
RSA_tb.RSA.SEQ_BLK.INVN_SEQ.Hlt,1,2
RSA_tb.RSA.SEQ_BLK.INVN_SEQ.Cy_r,1,51918
RSA_tb.RSA.SEQ_BLK.INVN_SEQ.Con[30:0],31,2 2 0 4 4 0 4 0 64 2 2 0 2 0 2 64 66 2 66 64 4 0 4 0 64 0 66 64 0 66 2
RSA_tb.RSA.SEQ_BLK.INVN_SEQ.pc[6:0],7,4 4 4 64 64 2 2
RSA_tb.RSA.SEQ_BLK.INVN_SEQ.decoder.pc[6:0],7,4 4 4 64 64 2 2
RSA_tb.RSA.SEQ_BLK.LOOP_CON.CLK,1,3612846
RSA_tb.RSA.SEQ_BLK.LOOP_CON.Con[5:0],6,25856 1492 1604804 98260 0 25792
RSA_tb.RSA.SEQ_BLK.LOOP_CON.Pc[1:0],2,2050 2
RSA_tb.RSA.SEQ_BLK.LOOP_CON.RSTn,1,1
RSA_tb.RSA.SEQ_BLK.LOOP_CON.q[10:0],11,75198 74176 74176 74176 74176 74456 112456 162608 262912 413368 815328
RSA_tb.RSA.SEQ_BLK.LOOP_CON.jp1[4:0],5,112394 162546 262850 413306 815328
RSA_tb.RSA.SEQ_BLK.LOOP_CON.add_in[9:0],10,52946 52946 52946 52946 52946 113944 164096 264400 414856 815328
RSA_tb.RSA.SEQ_BLK.LOOP_CON.Cy_r,1,51918
RSA_tb.RSA.SEQ_BLK.LOOP_CON.Cy_mr,1,4
RSA_tb.RSA.SEQ_BLK.LOOP_CON.Cy_m,1,51918
RSA_tb.RSA.SEQ_BLK.LOOP_CON.i[9:0],10,748 750 754 762 1522 1554 2362 3978 6464 12928
RSA_tb.RSA.SEQ_BLK.LOOP_CON.i_me[9:0],10,4 6 10 18 34 66 130 258 512 1024
RSA_tb.RSA.SEQ_BLK.LOOP_CON.j[4:0],5,100304 150456 250760 401216 802432
RSA_tb.RSA.SEQ_BLK.LOOP_CON.jj[4:0],5,100303 150455 250759 401215 802431
RSA_tb.RSA.SEQ_BLK.LOOP_CON.mux3_1.Sel[1:0],2,27840 25792
RSA_tb.RSA.SEQ_BLK.LOOP_CON.mux3_1.a[4:0],5,100304 150456 250760 401216 802432
RSA_tb.RSA.SEQ_BLK.LOOP_CON.mux3_1.b[9:0],10,748 750 754 762 1522 1554 2362 3978 6464 12928
RSA_tb.RSA.SEQ_BLK.LOOP_CON.mux3_1.c[9:0],10,4 6 10 18 34 66 130 258 512 1024
RSA_tb.RSA.SEQ_BLK.MEM_CON.Con[5:0],6,1572220 894402 1619948 876900 828866 826826
RSA_tb.RSA.SEQ_BLK.MEM_CON.Sel,1,508
RSA_tb.RSA.SEQ_BLK.MEM_CON.i[4:0],5,1616 2424 4040 6464 12928
RSA_tb.RSA.SEQ_BLK.MEM_CON.j[4:0],5,100304 150456 250760 401216 802432
RSA_tb.RSA.SEQ_BLK.MEM_CON.jj[4:0],5,100303 150455 250759 401215 802431
RSA_tb.RSA.SEQ_BLK.MEM_CON.jp1[4:0],5,112394 162546 262850 413306 815328
RSA_tb.RSA.SEQ_BLK.MEM_CON.ad_s[6:0],7,193038 256462 287524 478276 836100 1198024 872732
RSA_tb.RSA.SEQ_BLK.MEM_CON.ad_m[6:0],7,910384 430466 844140 847672 854736 902162 929952
RSA_tb.RSA.SEQ_BLK.MEM_CON.adg_m.Con[2:0],3,1652904 911598 1619948
RSA_tb.RSA.SEQ_BLK.MEM_CON.adg_m.Sel,1,508
RSA_tb.RSA.SEQ_BLK.MEM_CON.adg_m.i[4:0],5,1616 2424 4040 6464 12928
RSA_tb.RSA.SEQ_BLK.MEM_CON.adg_m.j[4:0],5,100304 150456 250760 401216 802432
RSA_tb.RSA.SEQ_BLK.MEM_CON.adg_m.jp1[4:0],5,112394 162546 262850 413306 815328
RSA_tb.RSA.SEQ_BLK.MEM_CON.adg_s.Con[2:0],3,944484 896450 826826
RSA_tb.RSA.SEQ_BLK.MEM_CON.adg_s.i[4:0],5,1616 2424 4040 6464 12928
RSA_tb.RSA.SEQ_BLK.MEM_CON.adg_s.j[4:0],5,100304 150456 250760 401216 802432
RSA_tb.RSA.SEQ_BLK.MEM_CON.adg_s.jj[4:0],5,100303 150455 250759 401215 802431
RSA_tb.RSA.SEQ_BLK.MEM_CON.adg_s.jp1[4:0],5,112394 162546 262850 413306 815328
RSA_tb.RSA.SEQ_BLK.MODEXP_SEQ.CLK,1,3612846
RSA_tb.RSA.SEQ_BLK.MODEXP_SEQ.Cy_mr,1,4
RSA_tb.RSA.SEQ_BLK.MODEXP_SEQ.Exp,1,122
RSA_tb.RSA.SEQ_BLK.MODEXP_SEQ.Fin,1,750
RSA_tb.RSA.SEQ_BLK.MODEXP_SEQ.Msb,1,2
RSA_tb.RSA.SEQ_BLK.MODEXP_SEQ.RSTn,1,1
RSA_tb.RSA.SEQ_BLK.MODEXP_SEQ.Rst,1,2
RSA_tb.RSA.SEQ_BLK.MODEXP_SEQ.pc[11:0],12,4 4 4 2050 1542 232 510 2050 4 4 2 2
RSA_tb.RSA.SEQ_BLK.MONTMULT_SEQ.CLK,1,3612846
RSA_tb.RSA.SEQ_BLK.MONTMULT_SEQ.Cy_m,1,51918
RSA_tb.RSA.SEQ_BLK.MONTMULT_SEQ.RSTn,1,1
RSA_tb.RSA.SEQ_BLK.MONTMULT_SEQ.Sel,1,508
RSA_tb.RSA.SEQ_BLK.MONTMULT_SEQ.i[9:0],10,748 750 754 762 1522 1554 2362 3978 6464 12928
RSA_tb.RSA.SEQ_BLK.MONTMULT_SEQ.zero,1,746
RSA_tb.RSA.SEQ_BLK.MONTMULT_SEQ.Start,1,740
RSA_tb.RSA.SEQ_BLK.MONTMULT_SEQ.Hlt,1,740
RSA_tb.RSA.SEQ_BLK.MONTMULT_SEQ.Con[30:0],31,1562880 48100 1562140 48100 94720 0 1610980 0 71040 47360 23680 48100 0 0 23680 47360 1587300 1539940 119140 23680 1480 1539200 96200 0 23680 1572220 828800 1554280 876900 828800 759240
RSA_tb.RSA.SEQ_BLK.MONTMULT_SEQ.pc[27:0],28,1480 1480 24420 740 24420 24420 24420 24420 24420 24420 734820 734820 24420 24420 24420 24420 734820 711880 23680 23680 24420 24420 24420 24420 24420 23680 740 740
RSA_tb.RSA.SEQ_BLK.MONTMULT_SEQ.decoder.Sel,1,508
RSA_tb.RSA.SEQ_BLK.MONTMULT_SEQ.decoder.pc[27:0],28,1480 1480 24420 740 24420 24420 24420 24420 24420 24420 734820 734820 24420 24420 24420 24420 734820 711880 23680 23680 24420 24420 24420 24420 24420 23680 740 740
RSA_tb.RSA.SEQ_BLK.MONTMULT_SEQ.decoder.zero,1,746
RSA_tb.RSA.SEQ_BLK.MONTREDC_SEQ.CLK,1,3612846
RSA_tb.RSA.SEQ_BLK.MONTREDC_SEQ.Cy_m,1,51918
RSA_tb.RSA.SEQ_BLK.MONTREDC_SEQ.Cy_mr,1,4
RSA_tb.RSA.SEQ_BLK.MONTREDC_SEQ.RSTn,1,1
RSA_tb.RSA.SEQ_BLK.MONTREDC_SEQ.a,1,96011
RSA_tb.RSA.SEQ_BLK.MONTREDC_SEQ.i[9:0],10,748 750 754 762 1522 1554 2362 3978 6464 12928
RSA_tb.RSA.SEQ_BLK.MONTREDC_SEQ.sign,1,96012
RSA_tb.RSA.SEQ_BLK.MONTREDC_SEQ.Start,1,2
RSA_tb.RSA.SEQ_BLK.MONTREDC_SEQ.Hlt,1,2
RSA_tb.RSA.SEQ_BLK.MONTREDC_SEQ.Contmp[32:0],33,2050 2 65538 1022 65536 2 65536 2 65536 2 65536 0 33926 0 0 65536 32896 65536 67584 65536 67584 2048 4 65536 2050 0 2048 0 65536 65536 0 0 67584
RSA_tb.RSA.SEQ_BLK.MONTREDC_SEQ.Con[30:0],31,65538 1022 65536 2 65536 2 65536 2 65536 0 33926 0 0 65536 32896 65536 67584 65536 67584 2048 4 65536 2050 0 2048 0 65536 65536 0 0 67584
RSA_tb.RSA.SEQ_BLK.MONTREDC_SEQ.op,1,531
RSA_tb.RSA.SEQ_BLK.MONTREDC_SEQ.pc[10:0],11,4 2 2 2 2050 65538 32898 32642 65538 2 2
RSA_tb.RSA.SEQ_BLK.MONTREDC_SEQ.decoder.a,1,96011
RSA_tb.RSA.SEQ_BLK.MONTREDC_SEQ.decoder.pc[10:0],11,4 2 2 2 2050 65538 32898 32642 65538 2 2
RSA_tb.RSA.SEQ_BLK.ONE_SEQ.CLK,1,3612846
RSA_tb.RSA.SEQ_BLK.ONE_SEQ.Cy_m,1,51918
RSA_tb.RSA.SEQ_BLK.ONE_SEQ.RSTn,1,1
RSA_tb.RSA.SEQ_BLK.ONE_SEQ.Start,1,2
RSA_tb.RSA.SEQ_BLK.ONE_SEQ.Hlt,1,2
RSA_tb.RSA.SEQ_BLK.ONE_SEQ.Con[30:0],31,2 2 0 0 0 0 0 0 0 0 2 4 0 0 0 4 4 0 0 0 0 4 2 0 0 0 0 4 0 0 0
RSA_tb.RSA.SEQ_BLK.ONE_SEQ.pc[4:0],5,4 4 4 2 2
RSA_tb.RSA.SEQ_BLK.ONE_SEQ.decoder.pc[4:0],5,4 4 4 2 2
RSA_tb.RSA.SEQ_BLK.START_C.CLK,1,3612846
RSA_tb.RSA.SEQ_BLK.START_C.Hlt,1,2
RSA_tb.RSA.SEQ_BLK.START_C.Pc,1,2
RSA_tb.RSA.SEQ_BLK.START_C.RSTn,1,1
RSA_tb.RSA.SEQ_BLK.START_C.Rst,1,2
RSA_tb.RSA.SEQ_BLK.START_C.Start,1,2
RSA_tb.RSA.SEQ_BLK.START_C.rgt,1,2
RSA_tb.RSA.SEQ_BLK.START_IN.CLK,1,3612846
RSA_tb.RSA.SEQ_BLK.START_IN.Hlt,1,2
RSA_tb.RSA.SEQ_BLK.START_IN.Pc,1,2
RSA_tb.RSA.SEQ_BLK.START_IN.RSTn,1,1
RSA_tb.RSA.SEQ_BLK.START_IN.Rst,1,2
RSA_tb.RSA.SEQ_BLK.START_IN.Start,1,2
RSA_tb.RSA.SEQ_BLK.START_IN.rgt,1,2
RSA_tb.RSA.SEQ_BLK.START_MM.CLK,1,3612846
RSA_tb.RSA.SEQ_BLK.START_MM.Hlt,1,740
RSA_tb.RSA.SEQ_BLK.START_MM.Pc,1,510
RSA_tb.RSA.SEQ_BLK.START_MM.RSTn,1,1
RSA_tb.RSA.SEQ_BLK.START_MM.Rst,1,2
RSA_tb.RSA.SEQ_BLK.START_MM.Start,1,740
RSA_tb.RSA.SEQ_BLK.START_MM.rgt,1,740
RSA_tb.RSA.SEQ_BLK.START_MR.CLK,1,3612846
RSA_tb.RSA.SEQ_BLK.START_MR.Hlt,1,2
RSA_tb.RSA.SEQ_BLK.START_MR.Pc,1,2
RSA_tb.RSA.SEQ_BLK.START_MR.RSTn,1,1
RSA_tb.RSA.SEQ_BLK.START_MR.Rst,1,2
RSA_tb.RSA.SEQ_BLK.START_MR.Start,1,2
RSA_tb.RSA.SEQ_BLK.START_MR.rgt,1,2
RSA_tb.RSA.SEQ_BLK.START_O.CLK,1,3612846
RSA_tb.RSA.SEQ_BLK.START_O.Hlt,1,2
RSA_tb.RSA.SEQ_BLK.START_O.Pc,1,2
RSA_tb.RSA.SEQ_BLK.START_O.RSTn,1,1
RSA_tb.RSA.SEQ_BLK.START_O.Rst,1,2
RSA_tb.RSA.SEQ_BLK.START_O.Start,1,2
RSA_tb.RSA.SEQ_BLK.START_O.rgt,1,2
